Query: 4
Nearest neighbor-1: 1732
distanceHypercube: 1322.51
distanceTrue: 1092.53
tHypercube: 0.226022
tTrue: 1.26273
R-near neighbors:
1732
914
5822
5406
4838
3998
2452
5046
322
2052
194
1653
1934
2922
2190
1630
5918
1546
4318
4593
3701
4406
5796
1748
988
4026
608
940
4056
5366
3588
334
1764
5672
692
2164
616
3322
3761
3978
1308
3739
4336
4172
3256
3631
3104
314
1408
3222
804
1560
718
4779
4102
1692
92
3608
461
564
380
1820
3284
3240
4890
4616
4592
3573
2289
338
1922
1827
2829
1685
3625
2060
3194
4596
5792
1884
2176
4746
1608
5572
5362
4538
3439
1038
1632
3862
1258
434
877
5944
4613
4060
3783
1360
5278
4494
4630
5008
237
3686
5444
344
4456
2390
2106
4206
1198
2753
782
3312
3426
5673
1693
4466
3566
4789
1212
5658
4350
1248
3708
1216
1232
1508
2596
1794
3164
3000
5492
438
1050
1613
2424
460
1738
682
4132
4794
3790
3724
1960
1882
1946
4747
4454
3232
3781
1720
2704
5704
2962
932
4334
4032
3990
1462
1446
3746
2416
3903
188
5964
5532
4436
3785
3857
1568
1576
3796
5130
2809
3450
2317
2244
5490
1172
4174
1976
2364
5892
4264
4707
1646
4252
1852
5298
5125
4833
5024
4522
1932
2
1633
4811
275
5830
3611
3652
1622
1757
1116
3639
1006
1498
2181
4782
2984
446
3278
297
4244
4916
4088
686
1740
1885
2608
820
217
3203
4260
442
402
5612
3620
4618
1663
4758
2299
4050
4020
2064
1886
1604
5718
906
3780
3246
3348
1014
4464
1695
3018
2157
1858
4771
5138
5111
2488
4668
5992
2458
2240
4307
3334
550
1751
2832
5264
2800
584
3100
1855
1165
3794
4907
5144
2799
1220
3653
4802
2129
4315
3992
3186
2213
5322
2874
257
2312
3624
4478
4292
481
264
3352
4038
4184
142
4796
289
4899
3459
4283
5518
4784
5134
778
2808
2398
5946
2161
4158
5068
3190
3477
4075
1667
4901
5416
2950
5904
3583
1147
3645
2199
4877
3716
3764
5734
4874
3302
5188
2386
2115
2706
531
1968
1037
3050
3448
2574
1431
4568
592
4902
1073
4240
3694
3757
154
742
2220
3074
4897
3792
2680
64
4124
4806
2850
110
2204
1789
5546
329
2827
1979
4788
2562
4211
5338
2321
4743
2069
3786
2498
2344
2690
4146
5002
868
3078
1163
3804
1004
1982
3052
680
1911
4433
4297
1684
5146
3836
3814
847
3824
3984
5122
5836
3072
647
3496
541
1460
4929
4125
4798
3372
5636
1288
5522
2510
1083
2620
586
1187
2247
5932
882
4326
4422
4416
2665
2274
1098
1424
232
2054
4272
48
4035
902
4594
5288
1177
2819
5764
2558
1573
5854
1256
4055
5440
854
2235
436
4313
926
3570
1962
5136
762
158
4483
1170
1034
2722
5568
3877
5093
1628
1782
1765
3508
4377
502
3414
1168
5794
5912
5844
908
3600
585
418
428
4330
3753
1584
413
5450
3810
196
5164
3270
3874
3905
115
4361
4274
2822
5880
4323
2210
4768
1752
4954
5590
1046
4726
2370
170
1796
4896
910
4098
3961
2436
1280
3076
5592
4626
5137
1272
4919
4564
4769
3782
971
576
354
4195
2737
1110
373
1114
4562
5550
4458
1580
1803
5356
350
1008
4472
2742
1164
272
2896
599
2750
3636
2902
4222
388
2778
2109
3260
432
4354
5580
1762
5112
1767
3354
5402
2612
5798
5829
1763
897
4217
3023
3161
3773
536
3618
3760
1620
4900
3968
4320
1171
5350
5535
2569
700
2589
4242
2095
4180
3999
5630
238
4786
1845
3183
1565
1655
4185
4759
2995
374
172
4752
3044
3318
5180
4498
1950
4175
3964
5414
116
4394
1743
2772
520
786
4586
3138
4164
5482
2560
4097
304
4277
1112
2804
2072
4006
4540
4428
4822
243
369
5669
3717
3399
3020
1744
1023
387
5410
4133
4484
4064
234
89
5464
1294
3718
127
4099
5720
2031
4118
5594
4928
4737
5382
3684
5106
2697
5208
4410
2402
1182
4975
580
4219
3704
3218
5100
4952
5172
5526
3290
2264
4696
3838
230
500
4214
2251
282
4197
4338
4869
3528
1513
1022
4474
337
4942
2588
1176
929
922
3298
2460
9
4774
4130
1133
3784
5198
4716
3808
5234
1996
5361
3283
2490
103
5336
4804
1379
1402
4556
1719
3116
2290
2888
2323
1124
4368
3125
4439
788
44
1314
1940
4423
2216
2338
4135
2918
834
1142
4417
241
4366
1747
892
812
2659
3022
1825
2468
3640
2971
2394
4824
605
84
3610
870
4736
1904
4078
1850
2828
2556
5948
3866
1842
1770
2713
3507
4552
630
1376
5602
4826
4303
4712
3916
4656
738
1866
5462
4791
5047
1514
1186
2074
5401
5280
4546
4040
706
2267
214
4936
1080
627
38
3202
1410
5726
1984
5828
945
5124
2050
5569
4459
1619
5017
1888
3806
5544
4386
2614
4141
16
5519
5746
1175
5282
4019
5760
2798
2236
5837
4633
2158
144
3340
1190
876
3320
3417
5035
5835
5868
3887
933
567
4809
5376
3433
4084
3304
4998
271
4912
1671
3488
2526
3308
1053
604
4964
5832
3101
770
2254
4113
1129
5064
2990
160
558
4918
5624
5703
1925
1662
4409
773
2640
4839
3505
1705
29
100
2125
4426
2089
3458
2946
1980
1582
5378
3504
4844
610
4104
3166
2308
4887
4382
4430
3548
1716
4530
26
2032
3732
3017
379
3536
2601
2238
3009
3083
2943
2048
4959
2046
1094
4148
3038
3762
750
754
4298
5628
5370
5478
2224
1478
3530
3110
3436
3820
3503
1673
372
412
1099
5966
270
5686
476
1154
1031
4606
4983
2139
2348
4974
3165
2764
506
4920
1574
978
4227
148
2222
2000
4370
4989
962
1487
3070
1733
4229
4828
1988
1440
3515
2392
2243
2790
4296
2726
2491
1687
5986
1328
851
2933
2868
2724
1639
459
4450
1057
939
3994
3306
2265
1510
968
162
1854
3349
210
364
3803
166
139
3079
569
18
4153
1562
2016
4170
4611
5607
3099
1452
15
5600
1967
2376
1833
1554
1153
1878
263
2310
655
5976
1786
4949
2854
3924
3666
5752
3346
3547
2186
4331
5813
5688
3526
1804
1488
3915
4922
628
663
1811
726
1906
2930
2951
1056
2188
5969
4034
1779
1523
1155
848
5157
3538
3296
3151
4255
3463
1131
3371
3249
5325
5372
4041
2022
2518
3187
2543
4830
2014
2900
5424
937
736
3398
4934
677
3182
2776
4879
2040
4390
101
4169
4353
3228
1224
5540
3234
800
54
5677
2492
5178
5940
164
5212
4093
3055
2226
3351
2786
4925
2480
5648
1120
2142
324
1912
4473
4176
2028
858
1540
2178
3828
3908
2787
307
5654
3854
1666
2985
1002
5000
5707
4152
4154
2885
4992
2929
806
2801
2012
305
660
842
5755
2030
3769
986
4524
1806
4182
3230
2938
4970
2884
1676
46
3455
3967
4451
4150
4399
2639
5222
708
2763
1721
5897
22
2720
2633
109
3837
5166
3229
3935
4528
349
2198
2322
5706
71
1898
2196
2734
3429
5286
2972
5533
4504
1111
58
3988
104
371
363
5869
2262
2173
3592
454
3766
5575
1500
1536
4364
5943
3914
3843
5657
384
2271
1123
4273
3957
5620
3415
3545
276
1808
1900
1463
2983
5020
3697
1525
4703
1665
5045
1683
1896
2145
1595
954
1511
514
5663
3120
4744
5846
2219
1392
3423
4551
1322
4306
498
3212
5666
3272
2948
2898
5650
1670
1166
2314
3084
1654
2689
5582
3087
1412
2003
702
2438
1434
1378
3358
3157
3102
694
1240
2041
640
4754
3959
2140
1244
5078
547
497
904
2296
2926
505
4756
3428
987
353
301
3816
1082
5738
4632
1422
1557
2909
4363
468
4165
797
3380
1149
1242
4388
2994
5342
2217
928
1802
5826
1739
226
4566
2973
5870
855
4427
32
2318
5253
5065
4010
2591
1494
2391
1531
4678
3029
3930
323
5223
2826
4977
1835
1612
401
87
5384
2282
3081
1902
4276
2987
4186
3002
2564
2342
5307
4025
474
3539
768
1088
4641
3774
2821
1890
3117
5659
1522
763
4447
4680
2959
2602
377
2218
1908
2698
1330
3473
5171
5509
4760
1017
3252
796
4173
1650
5807
3486
3626
1617
4704
3904
1614
2517
1302
1818
2356
3388
624
466
5063
365
5778
1000
4111
5804
124
2530
1491
5042
5089
4189
3818
4304
3059
1541
1113
5578
5680
3464
967
5701
1690
4976
2242
1506
3153
4457
3098
1135
3350
941
3945
990
657
1928
3712
5652
98
2494
2102
3090
1539
3721
4624
2384
2746
850
1600
2024
4893
3206
2548
3287
2670
617
2148
3966
3520
332
1417
3834
5038
3040
1815
2963
5722
4362
674
5324
2316
5220
5255
2431
2684
4946
2366
4425
4435
2765
2911
2974
2686
952
1521
444
4619
5256
2644
1840
5716
5899
2291
260
2768
2259
2520
2446
4840
5959
5196
1553
2536
1316
1101
5960
5810
3563
3130
1679
5882
601
336
2306
3470
4463
1065
3442
1451
342
1549
4781
2368
4853
819
5782
2066
3895
2454
2237
5570
2841
566
1518
3944
2229
3772
4348
5308
4851
4285
3330
4620
724
3533
4991
5756
3168
3973
5924
1228
1074
1978
4750
5354
3387
3475
1095
540
1024
3798
2579
966
4030
5426
3061
1390
1975
993
3926
690
824
2018
258
717
1103
1781
4054
741
3121
4441
5028
1660
1486
4095
472
2360
1990
4379
3509
1345
1821
3007
140
3381
1552
3976
4634
411
658
1338
1169
484
955
2590
5651
798
4999
2447
134
1547
3235
1938
5850
5565
1499
42
1644
1936
1286
1433
4580
898
362
3039
2997
4649
3662
2006
3664
619
4834
3147
1545
1746
748
1061
123
5824
5524
356
533
396
2080
5352
4385
562
1648
3580
1597
2361
4312
2970
4106
3089
2062
4689
2653
376
1072
5772
3556
2404
4895
5118
2838
3431
223
204
1264
3063
5182
5258
2752
3911
2892
5682
3077
3479
5689
3389
1484
4396
3884
4107
4514
1054
1444
5996
5714
4825
5644
228
3226
1117
3276
1638
8
3339
5158
4860
3454
3822
2105
4995
3738
2090
5945
3324
2330
288
1414
72
3759
2791
5848
1623
1973
1157
2433
52
1544
4314
3983
2906
5432
3535
1672
2666
2969
5805
3037
744
5498
292
1362
3245
4958
632
3894
4932
2286
996
1204
5920
5033
2758
3393
3162
4728
4468
2743
2811
4395
186
3886
2380
4910
703
3840
3405
2830
4836
3139
4126
4337
3150
3771
4365
1167
310
2903
4742
1208
3457
406
5894
4207
2169
5705
3728
2097
3629
3221
1699
340
1455
3788
2688
2113
274
3108
2128
636
2086
4734
1161
5123
5016
1194
80
853
634
2331
199
491
1089
3577
5833
3085
5177
5003
2893
2728
5309
4973
5814
4721
808
2755
3954
2134
1697
358
3127
11
2427
2110
4536
4013
3852
268
3751
3065
803
1704
5088
4642
1426
3045
4732
3136
5552
1370
212
3180
4452
4637
4138
4730
4986
414
4373
4328
2692
3132
60
1348
1903
3532
2540
1332
3867
5386
1872
3196
2891
3465
4329
4224
2354
3593
578
4972
1730
2802
2261
3105
3019
994
2744
2232
5437
3696
2246
4420
501
3447
728
4280
2747
4178
3633
5502
1178
3154
3706
2654
5500
3028
2092
2002
530
2108
5596
3795
2130
976
5351
3892
684
3540
5260
3092
3942
2457
331
3280
1081
2998
2137
863
5305
1570
3484
1515
844
930
3551
383
316
20
2187
5950
5660
2610
4490
4074
1063
5878
4254
2138
5434
590
1016
5181
5276
4317
621
4460
3996
1537
522
3172
666
1555
3868
2116
1814
3170
5538
4496
4190
2864
5425
3236
1830
4720
5095
5762
2797
3498
5530
2135
4358
4202
683
2844
5812
1624
638
5302
3521
2461
534
1079
4980
3025
5513
408
3051
2485
45
839
3876
61
4352
1350
1892
3041
2594
2988
131
5101
532
2739
5014
2260
4061
696
2668
518
2295
864
2058
5614
2604
5496
1003
1591
2716
826
1473
4572
5800
3714
3122
899
422
5148
167
856
1714
802
1481
1824
487
648
417
5082
2406
4687
3420
3985
4116
5306
538
2256
1524
3731
4862
1572
398
775
1085
2428
163
730
4866
4722
5647
112
2861
4930
3674
5132
1669
4513
5058
4120
2606
5061
2538
1218
5864
5110
173
1992
2673
3293
4091
774
2917
366
4965
729
758
2954
2708
2466
2928
2535
3483
3114
2566
3576
178
3069
1700
727
2336
2439
1998
3965
1132
5117
3925
3453
2266
1140
50
3805
4397
419
1354
5176
3898
3315
3648
2774
3027
4612
3368
2284
4437
3441
4517
3878
618
5579
3979
2793
4945
3641
1075
4371
1305
4268
1105
1696
1474
3093
2432
5858
3987
4821
1493
4087
3174
3870
4567
5059
3765
2185
961
5334
3385
5049
2910
280
4012
3188
1643
5291
3163
2221
2278
3991
3310
5542
2650
2155
5865
3167
4200
1754
1125
2616
3821
4544
335
3557
3462
5224
4554
6
1196
437
5555
3413
3217
2859
1592
3812
3604
2949
3437
3880
3579
651
3434
3250
2846
4640
5218
67
5898
2442
3255
3010
884
880
4393
3900
3487
3210
4105
5090
2785
4072
5300
2297
900
4345
2953
311
3649
2117
5520
5891
394
4324
5043
5145
1461
5863
470
5004
1106
5581
4547
723
99
14
2114
3030
3001
3014
3088
5481
431
1801
3736
2550
1682
3360
588
3885
5534
1284
184
3801
2194
2979
3802
4997
631
2818
1656
3646
1320
4531
3993
1520
296
4534
1278
2730
5150
254
4647
3103
2701
4545
2939
1718
2967
4702
1870
5160
441
637
5283
1957
1340
1492
3918
5314
2766
299
2231
3111
2630
2814
5303
91
2586
5851
1483
4387
568
4346
5962
183
1406
1636
2759
3032
3171
1689
5484
2275
1768
594
5645
102
1703
4648
3418
2055
1919
420
793
3678
5041
5364
4413
3332
5214
482
3261
1416
508
947
2455
4374
3491
1832
5390
430
4894
3134
935
475
2795
5910
5039
612
4599
2214
2989
512
5057
2792
5209
2805
3823
1173
1296
333
3941
746
1792
687
1509
4134
4398
3096
4571
2572
3451
2712
4402
1694
33
5098
3274
2655
3152
5768
5766
2156
4979
3500
4978
1118
1640
5913
79
5786
3899
193
5012
668
4014
2516
1202
4772
2960
3333
1787
587
1159
3597
3242
4
1270
2643
3042
247
3411
2208
523
1668
3602
5230
2420
4876
1538
1396
4898
174
3934
325
248
5269
1507
3745
2319
5539
4661
463
911
3741
1343
5501
4602
2371
3295
1282
4477
339
5447
457
5933
5142
3064
3932
5026
4131
2476
527
267
5441
1761
1060
5784
5347
887
583
5251
1851
2638
555
2465
4699
2513
510
5873
2334
141
2585
5690
2056
2509
5081
1210
191
5010
2377
4051
3749
4790
1635
5818
5884
3343
3844
4672
4993
4215
185
2206
3263
4939
2549
2182
3578
4520
2551
4690
3006
1344
5021
479
3927
1009
5545
1849
2425
1647
4108
2341
535
1970
4090
2300
4349
5232
5465
3527
4880
1086
2367
3660
4322
1036
5770
5091
5446
1706
4378
4024
697
4183
233
5312
3374
3313
3797
2648
3489
3300
2103
1051
2678
2957
1203
720
755
3561
4861
2070
5428
3095
4241
3587
5656
589
5128
5989
4161
3863
3297
4163
1504
5528
4778
2715
1160
998
3068
2912
118
984
1548
5618
2388
2119
661
3379
1300
1658
1438
3594
822
511
3546
1561
3435
4065
3364
4405
2824
2727
3282
5242
3919
753
5927
2372
3755
3800
3097
5610
4764
136
3091
3133
4780
2663
1035
23
574
2754
5735
2512
3909
611
3975
2171
5252
915
3118
480
5330
1238
1254
912
2076
1607
1342
1156
957
1459
2647
4525
4575
2514
5185
4109
5025
201
2869
5048
5678
5456
2669
878
5639
4541
2303
1076
2189
832
3615
1822
3723
1527
2613
3438
4835
1535
4614
2860
4499
2223
4766
3461
96
760
846
593
3748
1577
2462
3890
2981
195
2965
1823
838
4990
2464
1128
1812
3416
4635
2691
3913
5204
1598
3109
1589
4407
2857
560
1100
676
2263
493
5754
1530
710
5838
1766
5506
1052
784
2332
3525
4230
5296
1465
1430
4293
1836
4205
4589
1838
1064
130
2932
2307
614
4021
1068
2865
2212
1067
664
285
3663
4831
5174
5504
3675
4605
2565
3048
1810
1848
2575
1399
4003
3817
2977
1458
958
3277
977
943
2470
4848
5877
969
951
5301
2856
3145
2225
1916
2162
1627
3725
4795
5062
261
1027
5360
4548
106
4421
57
153
5595
2609
1785
4137
1791
3214
407
5732
4971
2301
2978
3316
2252
2760
2674
1831
1476
90
4089
4136
4403
740
2415
2168
409
347
795
5219
5631
5304
4585
2732
722
3036
240
883
1726
1025
2437
1710
3253
2136
595
1366
5197
3317
3375
3939
5349
4300
1401
2453
3421
3485
1482
3574
5953
4162
2847
3971
5169
2696
985
3469
1454
5237
2870
573
1150
747
4445
3357
4651
3046
2552
2177
5297
5662
5270
673
5616
145
423
2817
3137
1891
4325
1966
309
3688
3427
3644
999
4225
1587
3126
2417
4872
4560
873
5777
5702
4815
4110
5162
4432
3847
4718
2419
3917
1788
2201
801
126
1616
2775
4302
1005
4408
5675
53
5206
879
2947
319
3175
2999
2215
1942
3281
1686
4070
2677
3793
1019
176
5577
4636
5549
4029
1659
4886
2151
3763
2451
974
4479
5189
4846
3827
1914
5676
4533
471
936
2083
2618
2434
1933
5054
4193
4294
953
749
40
308
1033
4046
5879
180
1384
2085
3367
4725
678
1865
5758
3303
2249
983
1102
3476
1807
4319
4269
5225
3056
2710
4733
4049
2584
3599
4000
5396
1411
4069
35
4818
659
1250
5495
1881
1001
1637
5936
4968
507
1222
4904
3169
3156
4333
1062
5210
1800
1876
449
1844
3676
5623
1864
5104
3325
3062
3481
1273
3471
1564
2467
2887
1026
2407
1717
5954
5261
3239
4574
4018
287
2694
1146
3519
5646
4209
991
3397
1910
5052
5077
4644
2172
4814
456
1225
1918
4213
1380
4549
1457
2920
290
4261
5727
224
3299
2703
3
5915
4187
2499
5604
367
3977
3184
5335
1143
5381
3729
3155
4448
5086
1021
1374
4278
1707
3560
4045
1012
1688
2687
4550
1626
2124
1260
4516
5862
39
5
4359
2033
4404
4888
3307
888
3901
1421
200
5797
704
4799
2657
5564
317
5239
3848
3407
3855
1805
2522
2063
3285
1798
4282
477
4380
2343
3617
1115
1736
1588
2907
4701
250
1236
2834
3215
5341
4052
5741
3850
3695
5928
1336
3192
609
827
1734
1575
4493
3511
4291
2905
4658
3193
4823
1468
5566
5584
1049
2934
5069
318
4903
565
147
1145
1601
346
2632
2505
764
1138
3173
1032
2382
448
1298
3403
642
4708
5643
3177
3494
2409
5470
2825
2104
1944
3141
3158
1326
5942
5066
4638
3869
1066
4829
3265
1760
3468
4166
4941
654
4856
2779
5023
3034
3073
572
5957
4817
836
2842
4434
2047
1958
1436
5294
1731
4518
3305
3456
2495
312
3681
2250
3883
192
3537
5742
3191
4008
1579
650
2255
256
938
4938
1180
74
4961
1274
4438
5931
2693
3406
4341
70
2945
3345
1774
19
553
5937
1042
5192
5168
1594
5385
2120
2154
2880
3859
5161
3856
2595
2042
1011
2867
5893
5859
3058
2762
785
4582
3931
3737
4237
2248
3185
1447
766
529
905
1470
1428
5480
2346
227
1496
3071
5339
3466
2749
780
549
2711
150
5374
2794
1542
3344
65
2607
3197
2227
1279
3220
5617
218
1018
3889
4982
4429
3682
3267
1252
1680
2547
3851
4917
5708
4751
973
1144
1652
4503
613
5429
5457
2576
2521
1681
5367
4657
5114
4803
2993
4740
2449
2628
5508
3123
3233
3410
2020
381
1780
3523
626
277
152
1585
1533
2375
2423
1435
1813
4139
5857
2422
5903
3628
2756
625
5529
3113
1044
2858
1192
4807
1200
1977
3412
4604
5971
4775
321
3257
2714
2126
1949
5674
2294
5113
5510
2881
450
1715
5906
2302
4553
159
389
3638
4666
3043
1385
1862
151
1528
375
3846
2324
2815
5789
4837
488
3621
5271
1043
2122
3963
1020
4144
3237
2672
4343
494
5143
3879
4915
807
3060
1829
3575
443
1441
3223
1151
5934
948
5749
2167
4858
2335
3516
2197
2599
2956
5769
2405
182
1516
447
5466
1127
3264
4310
2393
4683
2831
3787
3832
3449
852
5184
1373
5454
934
1464
1058
3124
1039
4984
4671
4443
3933
1953
4693
2986
370
2107
646
5413
871
1952
4559
5073
2651
5358
1059
3384
2622
3408
143
1055
5601
3733
5200
397
816
2036
516
818
405
4122
5559
4062
2955
4590
4281
269
133
4492
1769
995
3989
5036
1641
3747
5055
1816
4253
3053
5037
3912
1400
1148
4587
2719
4724
5060
5472
2277
3129
2096
3373
1253
4765
3189
5479
3553
5852
5320
1467
5201
4812
4800
5856
4286
2769
2667
4950
1799
1485
1045
2159
2942
3891
1418
2123
5872
5788
1007
3057
5105
4512
1084
5876
467
73
2099
2192
2459
5803
2546
3326
5888
4706
239
1563
4412
5226
1945
4351
132
4639
3986
1205
1741
59
2904
2401
262
1880
5453
2695
5326
3727
5795
345
273
351
4149
5907
5849
2276
2127
5905
4654
1503
1312
2053
4431
3960
2656
5449
2477
5391
4168
425
5005
575
5925
4935
3499
4676
1708
4128
4933
1675
3179
2133
4196
5908
919
5723
1090
1335
1985
1534
2952
891
5840
5050
94
3922
1871
2731
5404
513
2285
5085
979
772
3972
525
1407
2661
421
5186
3955
4576
216
918
5847
1559
3826
330
2496
4248
5855
4210
707
4311
3359
426
1333
866
2347
4142
2563
4467
4143
2027
13
281
3642
2605
5860
3650
5998
4497
107
579
2351
1569
3807
3726
2600
2848
4223
3446
4787
2882
4004
1415
1191
404
5221
5667
3543
2980
1728
2624
4339
813
3115
2471
391
3770
1951
3366
4057
4127
455
5955
5315
5468
711
2636
4440
3572
4167
5365
5516
2369
3008
5001
4882
5536
602
3897
5310
3936
2448
4212
1069
5586
2166
3208
1605
1381
2619
3703
3744
3342
2961
1122
4578
896
3419
5415
3623
1318
5757
2501
5638
3394
5459
1013
5217
4870
2890
3951
644
2008
2363
4384
4092
2615
2071
5548
1543
320
2623
4140
3369
2098
1121
4249
4081
2443
5107
3758
2649
2717
279
278
3559
2387
1423
5032
5806
1291
4944
4375
1230
1502
5400
5681
3144
4957
3584
4691
3962
326
5640
5861
2067
1567
4937
5930
5235
3518
2034
2035
2239
4763
5405
2625
3831
1795
2272
4198
4369
3353
3910
4112
3327
4096
403
688
5779
3279
542
4591
1070
561
4335
2626
3201
2642
2725
3497
2773
4808
4295
714
3148
693
3564
3160
1306
1853
4914
2141
4355
600
5802
2529
1615
77
5739
5022
5825
2038
809
3119
2531
205
3227
3949
2641
5790
2183
3243
3031
5267
4682
2839
5287
5238
2414
2087
5947
5006
2699
88
3112
4960
207
4007
2894
4266
1394
4953
1275
4762
698
2937
5139
3338
5408
5543
2065
5817
5916
4523
2927
5980
5445
3612
3047
5285
3754
5149
1941
2441
2813
416
4258
2340
1152
4469
1599
537
395
3861
4036
2444
43
982
2165
2723
2379
1860
2059
2921
5874
2784
5075
3722
5712
2150
652
5765
315
4557
2385
5265
524
5452
221
901
1234
5867
5761
4966
970
734
2093
2175
4955
3875
259
24
5922
1231
1419
2378
1188
3952
368
1456
4603
4521
1556
1846
3216
1475
5655
4308
3149
5394
1353
5598
5494
615
5821
5974
5571
4813
1472
5503
5811
4117
1490
4519
1162
2770
4267
2645
921
1596
5473
4913
496
295
3356
2078
2682
3634
5841
1566
4042
1899
3140
5593
5460
1413
2132
5346
203
175
5363
222
1382
2497
3907
1184
591
4857
1119
3004
5574
5990
2583
2283
1610
5693
5979
4753
5316
2914
4715
4855
266
1826
5999
4301
2362
543
5486
3395
3199
3291
4711
5507
5387
4250
981
2507
2429
235
5747
4695
1229
5392
4843
1246
3819
1141
3839
581
1856
5515
4100
1304
3865
4077
4669
1994
3363
5420
4381
483
1959
5968
3128
2660
2823
4251
4234
5900
1677
4667
4757
4600
779
3209
5483
931
1268
2118
313
5523
629
2328
4017
4710
2570
122
3440
3713
3735
5318
3982
3474
4871
4731
1321
3513
3075
1130
3467
3292
2537
5700
2228
4714
2559
4555
1347
5205
4670
386
78
231
2964
3517
5767
5743
1109
1606
2757
4981
2852
821
352
1239
3853
4628
5984
4558
3311
5890
5422
949
2872
2502
960
4476
2777
82
3921
607
1737
653
5634
699
2131
5140
2313
294
1126
4221
5245
3672
5911
424
3940
1948
1364
539
5211
4411
5195
4391
2245
4569
2374
3444
390
3066
5635
582
4299
4577
2836
489
3872
3482
881
1405
5517
5514
2901
3841
5551
2500
1551
146
4622
5244
2681
3679
3355
4842
5313
4962
5885
5254
5044
598
2580
3159
3586
1437
2426
2445
5011
4994
4792
86
1292
219
2924
5589
2456
62
2658
5909
4924
1251
5102
5275
3888
2481
2679
5141
5295
1139
3269
156
4271
2304
3864
5956
361
835
3211
1937
2410
2555
2057
30
2399
4700
5619
4449
4967
1532
3668
4563
783
2355
3024
4235
5670
5094
645
4309
5327
2976
4151
4627
3958
776
3845
3948
716
5051
2184
1217
5883
5097
4085
2631
5839
1702
4047
5808
4878
2577
792
3825
4931
944
4508
4232
980
2578
4129
3581
2812
3266
545
5731
3689
355
4372
400
3767
253
3842
1590
1104
2573
1174
4988
7
4037
4383
5759
4079
635
2293
1954
5721
4414
2895
2193
1917
1841
1425
4009
5591
97
5843
735
5561
4969
5664
4259
2783
5040
2996
4048
5135
3501
3669
5668
3554
2806
1578
2049
3995
5190
3178
5371
4086
1783
5780
1299
2992
3552
2287
3756
3347
1281
5842
2044
5329
671
3981
2337
5194
4911
4332
1445
4481
5556
3331
2853
546
4401
1611
1735
1497
85
5292
3700
4561
5613
869
2163
2593
1214
3271
5745
5448
917
5412
4785
4076
2862
138
4357
2270
2833
3425
302
3683
2211
894
5056
4921
4419
3685
5642
3335
3181
2101
4367
5820
2268
691
4943
1226
2315
2542
41
3049
4001
4171
1722
4643
5889
556
1713
4679
503
4487
4776
2855
2043
1221
2982
2339
2352
5229
5684
1398
5317
3005
4686
4884
4400
3667
4865
828
5155
5921
509
1358
3478
2007
1809
3224
3730
3705
0
4631
202
2568
300
2820
5417
2230
4482
5207
5751
5816
1469
3003
4507
5901
3657
1691
1772
5606
2021
1879
5691
5941
197
3107
2581
805
5156
1391
5815
4063
4058
5474
5279
5248
2152
5982
997
4188
2849
3616
3301
606
5421
1817
492
1834
4588
3011
4674
950
2851
1913
1388
833
548
2082
4461
3219
3568
105
451
5411
2015
306
2966
1261
4500
3555
3665
2484
5247
3244
5121
3495
1877
662
521
5773
439
478
5407
4827
799
1429
2170
3750
4236
4864
1793
5737
5713
3670
3205
3671
3445
3691
641
1215
208
2676
357
3430
4749
5202
3012
1895
596
3390
2094
1092
3522
4745
17
1529
5191
5632
2878
4501
3613
1028
2472
1758
3512
2180
3251
5092
1987
328
2991
499
1750
5175
171
5485
1477
2707
3026
4873
672
1442
3595
2879
3789
571
5793
5527
3383
1905
1450
4717
4327
1915
4356
3204
1297
2534
5697
2544
3871
2675
4177
2174
5311
633
4650
5599
701
5709
2908
3606
3598
5009
4480
128
3288
5935
2637
5419
3213
2899
3392
2875
3702
2635
3690
198
4515
4905
2068
5030
2876
1355
1593
5458
3953
4584
2061
964
4389
956
679
2733
5333
2515
2916
5126
5293
3502
4867
2671
5776
695
1894
623
2958
1931
5603
681
2837
5395
4598
2541
5067
1939
515
113
5418
3946
125
3207
1041
5711
4059
2234
2740
517
5567
4239
3480
794
3086
1935
1071
4246
1404
4623
4155
1974
1920
5109
2524
2430
343
1701
1427
5328
2571
5991
5345
1847
2305
5289
739
2889
563
1257
4156
5103
3811
246
5241
34
5875
155
3906
2112
2326
5497
2026
4160
83
5729
649
4608
4841
4573
4444
4194
4673
761
2741
946
2474
1797
2486
557
2936
2533
2683
5290
1137
2751
1625
4859
5926
972
2389
4228
4284
4601
3778
5725
1189
5653
1276
2598
3947
3619
5233
5724
4832
823
3146
3873
2503
843
5823
2311
378
4609
3658
2807
1742
4262
465
5576
4321
927
3275
251
2088
2397
5439
36
3654
5902
211
3493
4646
5687
5179
3294
4506
5695
4028
4659
2705
4226
5337
177
157
4987
4502
5831
1889
4947
1901
5127
5622
1983
5403
5970
2567
3094
4446
445
181
2273
4080
731
3289
3361
2091
213
789
2729
5809
81
5427
5949
2205
469
4685
2478
903
1603
3813
4819
1651
4486
2931
3247
3707
4275
1972
2634
4663
3643
5331
3849
2381
3225
810
5696
485
1631
554
2298
291
841
5383
3319
5625
1337
1621
840
5443
1867
3605
5866
765
2280
551
149
2463
3329
5750
3531
2469
861
5845
5489
4652
66
3937
4509
4755
284
5070
93
4053
4179
3195
5423
4688
4805
2421
3370
4340
4709
5679
1964
2400
811
3558
5895
2320
55
4963
1211
1283
4610
1756
1784
341
5476
3377
2664
862
47
5994
5031
4119
3799
3409
215
3923
4305
4231
2233
4489
433
4043
4011
4470
857
3323
1773
3262
5273
382
1197
1753
5348
3622
1048
4698
3647
3273
3882
1861
2504
2383
2788
1581
5775
2617
815
5871
3378
5783
3013
3775
5781
965
2279
5152
4415
2258
777
3567
1661
3569
1777
179
2349
5096
3860
867
2941
5605
2153
2395
4287
3601
3692
3510
4068
2045
1923
889
2913
76
667
1136
2482
767
5079
2877
2179
4927
2700
3550
5547
5929
1383
5259
4005
265
1271
5499
1317
3231
5671
1181
1501
5080
2519
3742
2309
4392
1868
5733
4376
3858
5736
3452
5344
3258
1
2718
1134
5084
4526
3720
552
2685
1558
1307
4777
2111
5087
3635
220
3687
5027
1015
4192
4595
4044
4660
4850
1077
5537
4290
486
2013
327
37
4015
3021
1087
3432
5799
2004
1325
4923
2241
4145
3422
705
5170
2789
959
3956
3655
4027
2545
5771
3590
348
1393
5629
5007
95
5398
1755
4039
3752
1346
2845
1091
597
4996
916
5268
1745
3200
68
963
5919
1096
4621
2553
2702
3365
1386
829
3135
1010
4114
3970
4816
4875
5375
2840
4881
1323
49
2100
2475
4906
2359
5388
3710
2039
890
2489
5834
4453
5938
1439
4442
920
2582
2897
3080
1365
3254
3779
5787
2288
452
893
5763
108
4537
5995
721
4424
643
2160
3321
5323
4956
1875
5611
2843
2767
69
1649
570
3401
1266
1709
1776
3391
1698
5914
5791
3835
2923
4263
1629
392
5165
3534
75
751
1749
4157
3768
3740
656
4677
4535
1029
4579
544
1309
4852
1839
135
4735
5558
675
5173
1285
3833
1519
5488
3896
5072
2011
2646
790
2810
771
4220
5133
1961
4181
1512
1907
5368
5730
5451
4940
1361
4199
5719
1909
2203
120
3627
5975
4665
3544
685
2603
2413
1674
1921
4094
3743
4810
2209
1727
4247
5272
244
1237
2968
1897
2479
989
5951
639
3341
1927
2329
4741
4073
3950
4761
3677
1448
490
5588
4204
4471
715
165
1227
3268
190
3241
757
2025
1711
3404
3711
5692
4662
942
5887
622
5013
837
4488
1201
4121
393
4071
1712
1375
2345
5277
713
252
992
759
2523
2412
1213
10
229
5262
3719
129
2023
2010
4418
886
1986
5649
1206
5562
5597
1634
5015
2327
5071
1078
2592
1352
3656
5774
1869
3054
4889
1243
752
4542
5958
5477
1790
3997
689
5215
4951
709
1107
1466
2527
1093
1969
225
4257
4885
5685
2721
435
4697
1571
137
28
1505
3506
2835
3033
255
2084
1609
923
4948
3928
4565
249
1349
3632
2001
1863
3142
3067
2748
2709
1778
458
2487
5886
2662
1989
2418
665
4510
4066
5284
169
4082
3562
1223
3589
5609
4159
5029
5266
5216
385
4863
2144
2925
845
3680
3902
559
1403
3637
5939
2202
5249
865
5493
1819
1449
3131
5108
4344
2782
3969
3830
5744
5637
924
5193
4727
2358
1930
4570
5369
1235
31
5801
2029
5965
5699
5183
2532
5753
1479
4485
2435
1319
1389
4684
3893
5099
3529
245
1331
1642
1526
4770
2557
5438
1759
5281
2333
3809
1857
4101
5231
859
111
3943
495
3659
189
168
1245
1943
5553
5357
298
1047
5728
1372
2611
5881
236
4883
5710
1657
5985
1874
415
3016
830
1443
5853
1893
2281
4783
1241
5119
3328
2940
5263
725
4892
1311
1409
21
5633
5977
4849
5397
737
1947
5431
2627
860
3651
4033
2745
3309
3259
286
1303
4532
4645
831
242
1195
3143
603
1324
4475
2253
4705
5213
1725
5355
4022
5343
2975
4908
5393
4617
1775
3248
3286
3614
410
1369
1837
4016
453
1289
2207
5573
3400
4845
3974
2738
2005
3472
283
4527
2735
1293
3829
2511
4191
1356
2440
2365
1357
4316
3693
2863
1310
5151
2292
1351
5715
5435
5963
913
2871
359
4216
5120
4713
5274
5923
5074
3734
4926
2736
5463
4147
2621
4675
5896
5377
791
1327
1981
1341
4773
2269
1334
1602
3542
2781
504
1030
5243
5587
5917
2780
5199
3386
1828
3920
4801
925
2373
1287
2508
1991
4123
5683
209
2450
620
817
5471
1277
5053
5554
3777
1259
3582
849
2325
1301
3082
1583
1158
1926
526
5521
1517
2403
5131
1887
2561
1723
2408
4767
4868
5626
25
4218
5240
4233
1859
206
5827
4115
1185
473
2761
5560
5299
2506
4543
1956
5250
4067
5018
4748
1377
4031
161
2866
907
5115
3673
5512
5993
2357
1489
528
5228
4797
909
5511
1359
4289
719
2037
712
12
5433
5557
3791
1453
4847
2143
1363
1387
1971
293
577
2816
1924
3337
669
1313
975
5236
56
1771
1233
1368
3396
732
5467
4597
1315
3492
2081
1249
5163
3424
360
4739
4279
3709
3460
5641
5621
2017
5491
3938
4820
4208
4625
5436
872
2149
3541
5257
3815
787
5430
4909
1295
1262
2411
1247
5740
51
2483
3596
429
4256
4891
2629
5019
5748
4238
5983
2191
2944
4607
5978
5159
2493
1997
1724
1729
117
1480
5608
2146
4360
4615
5116
519
4583
114
3490
5227
1929
814
3571
1179
5563
1678
5531
5083
5487
1955
4265
4023
2147
2886
3443
825
5694
5952
3382
27
3376
4723
5321
1395
1432
1883
1040
4347
3980
5661
2528
4729
2525
4505
769
2883
3699
3591
2587
1183
5379
5819
2396
4243
5455
3015
4629
1108
4103
2051
303
4738
4793
2539
4719
670
3881
4511
5129
3609
5615
5340
3929
1965
1843
4002
1586
3314
874
1265
2350
1329
2915
2079
440
5076
5981
5380
462
4455
1471
3565
895
3524
5399
5698
4985
4694
733
5717
4083
5389
2121
4539
2935
885
1495
1645
2353
1097
1193
1255
2597
3514
1993
3603
5541
4288
3776
3630
2803
187
4529
5525
4201
2195
2873
1209
4491
3698
1207
5585
4655
2257
1267
5409
745
5147
5505
3035
756
2075
1219
5154
3176
427
5332
1263
5359
1618
1269
119
4692
1550
5153
1339
3661
3336
4653
464
5203
3715
63
399
5627
5373
5319
4495
5246
3607
5442
5167
1664
4854
5583
2771
5988
1397
2554
2919
2473
5961
4245
5997
1995
2200
4465
3585
1290
5187
2073
1420
121
4664
5973
1199
781
1371
3362
875
4342
5665
3402
2077
4203
4581
3198
5353
4462
5987
743
4681
5034
1873
5475
4270
2019
2652
5967
3106
1999
1963
1367
2796
5469
5461
2009
5972
Query: 4
Nearest neighbor-1: 1732
distanceHypercube: 1322.51
distanceTrue: 1092.53
tHypercube: 0.179854
tTrue: 1.05232
R-near neighbors:
1732
914
5822
5406
4838
3998
2452
5046
322
2052
194
1653
1934
2922
2190
1630
5918
1546
4318
4593
3701
4406
5796
1748
988
4026
608
940
4056
5366
3588
334
1764
5672
692
2164
616
3322
3761
3978
1308
3739
4336
4172
3256
3631
3104
314
1408
3222
804
1560
718
4779
4102
1692
92
3608
461
564
380
1820
3284
3240
4890
4616
4592
3573
2289
338
1922
1827
2829
1685
3625
2060
3194
4596
5792
1884
2176
4746
1608
5572
5362
4538
3439
1038
1632
3862
1258
434
877
5944
4613
4060
3783
1360
5278
4494
4630
5008
237
3686
5444
344
4456
2390
2106
4206
1198
2753
782
3312
3426
5673
1693
4466
3566
4789
1212
5658
4350
1248
3708
1216
1232
1508
2596
1794
3164
3000
5492
438
1050
1613
2424
460
1738
682
4132
4794
3790
3724
1960
1882
1946
4747
4454
3232
3781
1720
2704
5704
2962
932
4334
4032
3990
1462
1446
3746
2416
3903
188
5964
5532
4436
3785
3857
1568
1576
3796
5130
2809
3450
2317
2244
5490
1172
4174
1976
2364
5892
4264
4707
1646
4252
1852
5298
5125
4833
5024
4522
1932
2
1633
4811
275
5830
3611
3652
1622
1757
1116
3639
1006
1498
2181
4782
2984
446
3278
297
4244
4916
4088
686
1740
1885
2608
820
217
3203
4260
442
402
5612
3620
4618
1663
4758
2299
4050
4020
2064
1886
1604
5718
906
3780
3246
3348
1014
4464
1695
3018
2157
1858
4771
5138
5111
2488
4668
5992
2458
2240
4307
3334
550
1751
2832
5264
2800
584
3100
1855
1165
3794
4907
5144
2799
1220
3653
4802
2129
4315
3992
3186
2213
5322
2874
257
2312
3624
4478
4292
481
264
3352
4038
4184
142
4796
289
4899
3459
4283
5518
4784
5134
778
2808
2398
5946
2161
4158
5068
3190
3477
4075
1667
4901
5416
2950
5904
3583
1147
3645
2199
4877
3716
3764
5734
4874
3302
5188
2386
2115
2706
531
1968
1037
3050
3448
2574
1431
4568
592
4902
1073
4240
3694
3757
154
742
2220
3074
4897
3792
2680
64
4124
4806
2850
110
2204
1789
5546
329
2827
1979
4788
2562
4211
5338
2321
4743
2069
3786
2498
2344
2690
4146
5002
868
3078
1163
3804
1004
1982
3052
680
1911
4433
4297
1684
5146
3836
3814
847
3824
3984
5122
5836
3072
647
3496
541
1460
4929
4125
4798
3372
5636
1288
5522
2510
1083
2620
586
1187
2247
5932
882
4326
4422
4416
2665
2274
1098
1424
232
2054
4272
48
4035
902
4594
5288
1177
2819
5764
2558
1573
5854
1256
4055
5440
854
2235
436
4313
926
3570
1962
5136
762
158
4483
1170
1034
2722
5568
3877
5093
1628
1782
1765
3508
4377
502
3414
1168
5794
5912
5844
908
3600
585
418
428
4330
3753
1584
413
5450
3810
196
5164
3270
3874
3905
115
4361
4274
2822
5880
4323
2210
4768
1752
4954
5590
1046
4726
2370
170
1796
4896
910
4098
3961
2436
1280
3076
5592
4626
5137
1272
4919
4564
4769
3782
971
576
354
4195
2737
1110
373
1114
4562
5550
4458
1580
1803
5356
350
1008
4472
2742
1164
272
2896
599
2750
3636
2902
4222
388
2778
2109
3260
432
4354
5580
1762
5112
1767
3354
5402
2612
5798
5829
1763
897
4217
3023
3161
3773
536
3618
3760
1620
4900
3968
4320
1171
5350
5535
2569
700
2589
4242
2095
4180
3999
5630
238
4786
1845
3183
1565
1655
4185
4759
2995
374
172
4752
3044
3318
5180
4498
1950
4175
3964
5414
116
4394
1743
2772
520
786
4586
3138
4164
5482
2560
4097
304
4277
1112
2804
2072
4006
4540
4428
4822
243
369
5669
3717
3399
3020
1744
1023
387
5410
4133
4484
4064
234
89
5464
1294
3718
127
4099
5720
2031
4118
5594
4928
4737
5382
3684
5106
2697
5208
4410
2402
1182
4975
580
4219
3704
3218
5100
4952
5172
5526
3290
2264
4696
3838
230
500
4214
2251
282
4197
4338
4869
3528
1513
1022
4474
337
4942
2588
1176
929
922
3298
2460
9
4774
4130
1133
3784
5198
4716
3808
5234
1996
5361
3283
2490
103
5336
4804
1379
1402
4556
1719
3116
2290
2888
2323
1124
4368
3125
4439
788
44
1314
1940
4423
2216
2338
4135
2918
834
1142
4417
241
4366
1747
892
812
2659
3022
1825
2468
3640
2971
2394
4824
605
84
3610
870
4736
1904
4078
1850
2828
2556
5948
3866
1842
1770
2713
3507
4552
630
1376
5602
4826
4303
4712
3916
4656
738
1866
5462
4791
5047
1514
1186
2074
5401
5280
4546
4040
706
2267
214
4936
1080
627
38
3202
1410
5726
1984
5828
945
5124
2050
5569
4459
1619
5017
1888
3806
5544
4386
2614
4141
16
5519
5746
1175
5282
4019
5760
2798
2236
5837
4633
2158
144
3340
1190
876
3320
3417
5035
5835
5868
3887
933
567
4809
5376
3433
4084
3304
4998
271
4912
1671
3488
2526
3308
1053
604
4964
5832
3101
770
2254
4113
1129
5064
2990
160
558
4918
5624
5703
1925
1662
4409
773
2640
4839
3505
1705
29
100
2125
4426
2089
3458
2946
1980
1582
5378
3504
4844
610
4104
3166
2308
4887
4382
4430
3548
1716
4530
26
2032
3732
3017
379
3536
2601
2238
3009
3083
2943
2048
4959
2046
1094
4148
3038
3762
750
754
4298
5628
5370
5478
2224
1478
3530
3110
3436
3820
3503
1673
372
412
1099
5966
270
5686
476
1154
1031
4606
4983
2139
2348
4974
3165
2764
506
4920
1574
978
4227
148
2222
2000
4370
4989
962
1487
3070
1733
4229
4828
1988
1440
3515
2392
2243
2790
4296
2726
2491
1687
5986
1328
851
2933
2868
2724
1639
459
4450
1057
939
3994
3306
2265
1510
968
162
1854
3349
210
364
3803
166
139
3079
569
18
4153
1562
2016
4170
4611
5607
3099
1452
15
5600
1967
2376
1833
1554
1153
1878
263
2310
655
5976
1786
4949
2854
3924
3666
5752
3346
3547
2186
4331
5813
5688
3526
1804
1488
3915
4922
628
663
1811
726
1906
2930
2951
1056
2188
5969
4034
1779
1523
1155
848
5157
3538
3296
3151
4255
3463
1131
3371
3249
5325
5372
4041
2022
2518
3187
2543
4830
2014
2900
5424
937
736
3398
4934
677
3182
2776
4879
2040
4390
101
4169
4353
3228
1224
5540
3234
800
54
5677
2492
5178
5940
164
5212
4093
3055
2226
3351
2786
4925
2480
5648
1120
2142
324
1912
4473
4176
2028
858
1540
2178
3828
3908
2787
307
5654
3854
1666
2985
1002
5000
5707
4152
4154
2885
4992
2929
806
2801
2012
305
660
842
5755
2030
3769
986
4524
1806
4182
3230
2938
4970
2884
1676
46
3455
3967
4451
4150
4399
2639
5222
708
2763
1721
5897
22
2720
2633
109
3837
5166
3229
3935
4528
349
2198
2322
5706
71
1898
2196
2734
3429
5286
2972
5533
4504
1111
58
3988
104
371
363
5869
2262
2173
3592
454
3766
5575
1500
1536
4364
5943
3914
3843
5657
384
2271
1123
4273
3957
5620
3415
3545
276
1808
1900
1463
2983
5020
3697
1525
4703
1665
5045
1683
1896
2145
1595
954
1511
514
5663
3120
4744
5846
2219
1392
3423
4551
1322
4306
498
3212
5666
3272
2948
2898
5650
1670
1166
2314
3084
1654
2689
5582
3087
1412
2003
702
2438
1434
1378
3358
3157
3102
694
1240
2041
640
4754
3959
2140
1244
5078
547
497
904
2296
2926
505
4756
3428
987
353
301
3816
1082
5738
4632
1422
1557
2909
4363
468
4165
797
3380
1149
1242
4388
2994
5342
2217
928
1802
5826
1739
226
4566
2973
5870
855
4427
32
2318
5253
5065
4010
2591
1494
2391
1531
4678
3029
3930
323
5223
2826
4977
1835
1612
401
87
5384
2282
3081
1902
4276
2987
4186
3002
2564
2342
5307
4025
474
3539
768
1088
4641
3774
2821
1890
3117
5659
1522
763
4447
4680
2959
2602
377
2218
1908
2698
1330
3473
5171
5509
4760
1017
3252
796
4173
1650
5807
3486
3626
1617
4704
3904
1614
2517
1302
1818
2356
3388
624
466
5063
365
5778
1000
4111
5804
124
2530
1491
5042
5089
4189
3818
4304
3059
1541
1113
5578
5680
3464
967
5701
1690
4976
2242
1506
3153
4457
3098
1135
3350
941
3945
990
657
1928
3712
5652
98
2494
2102
3090
1539
3721
4624
2384
2746
850
1600
2024
4893
3206
2548
3287
2670
617
2148
3966
3520
332
1417
3834
5038
3040
1815
2963
5722
4362
674
5324
2316
5220
5255
2431
2684
4946
2366
4425
4435
2765
2911
2974
2686
952
1521
444
4619
5256
2644
1840
5716
5899
2291
260
2768
2259
2520
2446
4840
5959
5196
1553
2536
1316
1101
5960
5810
3563
3130
1679
5882
601
336
2306
3470
4463
1065
3442
1451
342
1549
4781
2368
4853
819
5782
2066
3895
2454
2237
5570
2841
566
1518
3944
2229
3772
4348
5308
4851
4285
3330
4620
724
3533
4991
5756
3168
3973
5924
1228
1074
1978
4750
5354
3387
3475
1095
540
1024
3798
2579
966
4030
5426
3061
1390
1975
993
3926
690
824
2018
258
717
1103
1781
4054
741
3121
4441
5028
1660
1486
4095
472
2360
1990
4379
3509
1345
1821
3007
140
3381
1552
3976
4634
411
658
1338
1169
484
955
2590
5651
798
4999
2447
134
1547
3235
1938
5850
5565
1499
42
1644
1936
1286
1433
4580
898
362
3039
2997
4649
3662
2006
3664
619
4834
3147
1545
1746
748
1061
123
5824
5524
356
533
396
2080
5352
4385
562
1648
3580
1597
2361
4312
2970
4106
3089
2062
4689
2653
376
1072
5772
3556
2404
4895
5118
2838
3431
223
204
1264
3063
5182
5258
2752
3911
2892
5682
3077
3479
5689
3389
1484
4396
3884
4107
4514
1054
1444
5996
5714
4825
5644
228
3226
1117
3276
1638
8
3339
5158
4860
3454
3822
2105
4995
3738
2090
5945
3324
2330
288
1414
72
3759
2791
5848
1623
1973
1157
2433
52
1544
4314
3983
2906
5432
3535
1672
2666
2969
5805
3037
744
5498
292
1362
3245
4958
632
3894
4932
2286
996
1204
5920
5033
2758
3393
3162
4728
4468
2743
2811
4395
186
3886
2380
4910
703
3840
3405
2830
4836
3139
4126
4337
3150
3771
4365
1167
310
2903
4742
1208
3457
406
5894
4207
2169
5705
3728
2097
3629
3221
1699
340
1455
3788
2688
2113
274
3108
2128
636
2086
4734
1161
5123
5016
1194
80
853
634
2331
199
491
1089
3577
5833
3085
5177
5003
2893
2728
5309
4973
5814
4721
808
2755
3954
2134
1697
358
3127
11
2427
2110
4536
4013
3852
268
3751
3065
803
1704
5088
4642
1426
3045
4732
3136
5552
1370
212
3180
4452
4637
4138
4730
4986
414
4373
4328
2692
3132
60
1348
1903
3532
2540
1332
3867
5386
1872
3196
2891
3465
4329
4224
2354
3593
578
4972
1730
2802
2261
3105
3019
994
2744
2232
5437
3696
2246
4420
501
3447
728
4280
2747
4178
3633
5502
1178
3154
3706
2654
5500
3028
2092
2002
530
2108
5596
3795
2130
976
5351
3892
684
3540
5260
3092
3942
2457
331
3280
1081
2998
2137
863
5305
1570
3484
1515
844
930
3551
383
316
20
2187
5950
5660
2610
4490
4074
1063
5878
4254
2138
5434
590
1016
5181
5276
4317
621
4460
3996
1537
522
3172
666
1555
3868
2116
1814
3170
5538
4496
4190
2864
5425
3236
1830
4720
5095
5762
2797
3498
5530
2135
4358
4202
683
2844
5812
1624
638
5302
3521
2461
534
1079
4980
3025
5513
408
3051
2485
45
839
3876
61
4352
1350
1892
3041
2594
2988
131
5101
532
2739
5014
2260
4061
696
2668
518
2295
864
2058
5614
2604
5496
1003
1591
2716
826
1473
4572
5800
3714
3122
899
422
5148
167
856
1714
802
1481
1824
487
648
417
5082
2406
4687
3420
3985
4116
5306
538
2256
1524
3731
4862
1572
398
775
1085
2428
163
730
4866
4722
5647
112
2861
4930
3674
5132
1669
4513
5058
4120
2606
5061
2538
1218
5864
5110
173
1992
2673
3293
4091
774
2917
366
4965
729
758
2954
2708
2466
2928
2535
3483
3114
2566
3576
178
3069
1700
727
2336
2439
1998
3965
1132
5117
3925
3453
2266
1140
50
3805
4397
419
1354
5176
3898
3315
3648
2774
3027
4612
3368
2284
4437
3441
4517
3878
618
5579
3979
2793
4945
3641
1075
4371
1305
4268
1105
1696
1474
3093
2432
5858
3987
4821
1493
4087
3174
3870
4567
5059
3765
2185
961
5334
3385
5049
2910
280
4012
3188
1643
5291
3163
2221
2278
3991
3310
5542
2650
2155
5865
3167
4200
1754
1125
2616
3821
4544
335
3557
3462
5224
4554
6
1196
437
5555
3413
3217
2859
1592
3812
3604
2949
3437
3880
3579
651
3434
3250
2846
4640
5218
67
5898
2442
3255
3010
884
880
4393
3900
3487
3210
4105
5090
2785
4072
5300
2297
900
4345
2953
311
3649
2117
5520
5891
394
4324
5043
5145
1461
5863
470
5004
1106
5581
4547
723
99
14
2114
3030
3001
3014
3088
5481
431
1801
3736
2550
1682
3360
588
3885
5534
1284
184
3801
2194
2979
3802
4997
631
2818
1656
3646
1320
4531
3993
1520
296
4534
1278
2730
5150
254
4647
3103
2701
4545
2939
1718
2967
4702
1870
5160
441
637
5283
1957
1340
1492
3918
5314
2766
299
2231
3111
2630
2814
5303
91
2586
5851
1483
4387
568
4346
5962
183
1406
1636
2759
3032
3171
1689
5484
2275
1768
594
5645
102
1703
4648
3418
2055
1919
420
793
3678
5041
5364
4413
3332
5214
482
3261
1416
508
947
2455
4374
3491
1832
5390
430
4894
3134
935
475
2795
5910
5039
612
4599
2214
2989
512
5057
2792
5209
2805
3823
1173
1296
333
3941
746
1792
687
1509
4134
4398
3096
4571
2572
3451
2712
4402
1694
33
5098
3274
2655
3152
5768
5766
2156
4979
3500
4978
1118
1640
5913
79
5786
3899
193
5012
668
4014
2516
1202
4772
2960
3333
1787
587
1159
3597
3242
4
1270
2643
3042
247
3411
2208
523
1668
3602
5230
2420
4876
1538
1396
4898
174
3934
325
248
5269
1507
3745
2319
5539
4661
463
911
3741
1343
5501
4602
2371
3295
1282
4477
339
5447
457
5933
5142
3064
3932
5026
4131
2476
527
267
5441
1761
1060
5784
5347
887
583
5251
1851
2638
555
2465
4699
2513
510
5873
2334
141
2585
5690
2056
2509
5081
1210
191
5010
2377
4051
3749
4790
1635
5818
5884
3343
3844
4672
4993
4215
185
2206
3263
4939
2549
2182
3578
4520
2551
4690
3006
1344
5021
479
3927
1009
5545
1849
2425
1647
4108
2341
535
1970
4090
2300
4349
5232
5465
3527
4880
1086
2367
3660
4322
1036
5770
5091
5446
1706
4378
4024
697
4183
233
5312
3374
3313
3797
2648
3489
3300
2103
1051
2678
2957
1203
720
755
3561
4861
2070
5428
3095
4241
3587
5656
589
5128
5989
4161
3863
3297
4163
1504
5528
4778
2715
1160
998
3068
2912
118
984
1548
5618
2388
2119
661
3379
1300
1658
1438
3594
822
511
3546
1561
3435
4065
3364
4405
2824
2727
3282
5242
3919
753
5927
2372
3755
3800
3097
5610
4764
136
3091
3133
4780
2663
1035
23
574
2754
5735
2512
3909
611
3975
2171
5252
915
3118
480
5330
1238
1254
912
2076
1607
1342
1156
957
1459
2647
4525
4575
2514
5185
4109
5025
201
2869
5048
5678
5456
2669
878
5639
4541
2303
1076
2189
832
3615
1822
3723
1527
2613
3438
4835
1535
4614
2860
4499
2223
4766
3461
96
760
846
593
3748
1577
2462
3890
2981
195
2965
1823
838
4990
2464
1128
1812
3416
4635
2691
3913
5204
1598
3109
1589
4407
2857
560
1100
676
2263
493
5754
1530
710
5838
1766
5506
1052
784
2332
3525
4230
5296
1465
1430
4293
1836
4205
4589
1838
1064
130
2932
2307
614
4021
1068
2865
2212
1067
664
285
3663
4831
5174
5504
3675
4605
2565
3048
1810
1848
2575
1399
4003
3817
2977
1458
958
3277
977
943
2470
4848
5877
969
951
5301
2856
3145
2225
1916
2162
1627
3725
4795
5062
261
1027
5360
4548
106
4421
57
153
5595
2609
1785
4137
1791
3214
407
5732
4971
2301
2978
3316
2252
2760
2674
1831
1476
90
4089
4136
4403
740
2415
2168
409
347
795
5219
5631
5304
4585
2732
722
3036
240
883
1726
1025
2437
1710
3253
2136
595
1366
5197
3317
3375
3939
5349
4300
1401
2453
3421
3485
1482
3574
5953
4162
2847
3971
5169
2696
985
3469
1454
5237
2870
573
1150
747
4445
3357
4651
3046
2552
2177
5297
5662
5270
673
5616
145
423
2817
3137
1891
4325
1966
309
3688
3427
3644
999
4225
1587
3126
2417
4872
4560
873
5777
5702
4815
4110
5162
4432
3847
4718
2419
3917
1788
2201
801
126
1616
2775
4302
1005
4408
5675
53
5206
879
2947
319
3175
2999
2215
1942
3281
1686
4070
2677
3793
1019
176
5577
4636
5549
4029
1659
4886
2151
3763
2451
974
4479
5189
4846
3827
1914
5676
4533
471
936
2083
2618
2434
1933
5054
4193
4294
953
749
40
308
1033
4046
5879
180
1384
2085
3367
4725
678
1865
5758
3303
2249
983
1102
3476
1807
4319
4269
5225
3056
2710
4733
4049
2584
3599
4000
5396
1411
4069
35
4818
659
1250
5495
1881
1001
1637
5936
4968
507
1222
4904
3169
3156
4333
1062
5210
1800
1876
449
1844
3676
5623
1864
5104
3325
3062
3481
1273
3471
1564
2467
2887
1026
2407
1717
5954
5261
3239
4574
4018
287
2694
1146
3519
5646
4209
991
3397
1910
5052
5077
4644
2172
4814
456
1225
1918
4213
1380
4549
1457
2920
290
4261
5727
224
3299
2703
3
5915
4187
2499
5604
367
3977
3184
5335
1143
5381
3729
3155
4448
5086
1021
1374
4278
1707
3560
4045
1012
1688
2687
4550
1626
2124
1260
4516
5862
39
5
4359
2033
4404
4888
3307
888
3901
1421
200
5797
704
4799
2657
5564
317
5239
3848
3407
3855
1805
2522
2063
3285
1798
4282
477
4380
2343
3617
1115
1736
1588
2907
4701
250
1236
2834
3215
5341
4052
5741
3850
3695
5928
1336
3192
609
827
1734
1575
4493
3511
4291
2905
4658
3193
4823
1468
5566
5584
1049
2934
5069
318
4903
565
147
1145
1601
346
2632
2505
764
1138
3173
1032
2382
448
1298
3403
642
4708
5643
3177
3494
2409
5470
2825
2104
1944
3141
3158
1326
5942
5066
4638
3869
1066
4829
3265
1760
3468
4166
4941
654
4856
2779
5023
3034
3073
572
5957
4817
836
2842
4434
2047
1958
1436
5294
1731
4518
3305
3456
2495
312
3681
2250
3883
192
3537
5742
3191
4008
1579
650
2255
256
938
4938
1180
74
4961
1274
4438
5931
2693
3406
4341
70
2945
3345
1774
19
553
5937
1042
5192
5168
1594
5385
2120
2154
2880
3859
5161
3856
2595
2042
1011
2867
5893
5859
3058
2762
785
4582
3931
3737
4237
2248
3185
1447
766
529
905
1470
1428
5480
2346
227
1496
3071
5339
3466
2749
780
549
2711
150
5374
2794
1542
3344
65
2607
3197
2227
1279
3220
5617
218
1018
3889
4982
4429
3682
3267
1252
1680
2547
3851
4917
5708
4751
973
1144
1652
4503
613
5429
5457
2576
2521
1681
5367
4657
5114
4803
2993
4740
2449
2628
5508
3123
3233
3410
2020
381
1780
3523
626
277
152
1585
1533
2375
2423
1435
1813
4139
5857
2422
5903
3628
2756
625
5529
3113
1044
2858
1192
4807
1200
1977
3412
4604
5971
4775
321
3257
2714
2126
1949
5674
2294
5113
5510
2881
450
1715
5906
2302
4553
159
389
3638
4666
3043
1385
1862
151
1528
375
3846
2324
2815
5789
4837
488
3621
5271
1043
2122
3963
1020
4144
3237
2672
4343
494
5143
3879
4915
807
3060
1829
3575
443
1441
3223
1151
5934
948
5749
2167
4858
2335
3516
2197
2599
2956
5769
2405
182
1516
447
5466
1127
3264
4310
2393
4683
2831
3787
3832
3449
852
5184
1373
5454
934
1464
1058
3124
1039
4984
4671
4443
3933
1953
4693
2986
370
2107
646
5413
871
1952
4559
5073
2651
5358
1059
3384
2622
3408
143
1055
5601
3733
5200
397
816
2036
516
818
405
4122
5559
4062
2955
4590
4281
269
133
4492
1769
995
3989
5036
1641
3747
5055
1816
4253
3053
5037
3912
1400
1148
4587
2719
4724
5060
5472
2277
3129
2096
3373
1253
4765
3189
5479
3553
5852
5320
1467
5201
4812
4800
5856
4286
2769
2667
4950
1799
1485
1045
2159
2942
3891
1418
2123
5872
5788
1007
3057
5105
4512
1084
5876
467
73
2099
2192
2459
5803
2546
3326
5888
4706
239
1563
4412
5226
1945
4351
132
4639
3986
1205
1741
59
2904
2401
262
1880
5453
2695
5326
3727
5795
345
273
351
4149
5907
5849
2276
2127
5905
4654
1503
1312
2053
4431
3960
2656
5449
2477
5391
4168
425
5005
575
5925
4935
3499
4676
1708
4128
4933
1675
3179
2133
4196
5908
919
5723
1090
1335
1985
1534
2952
891
5840
5050
94
3922
1871
2731
5404
513
2285
5085
979
772
3972
525
1407
2661
421
5186
3955
4576
216
918
5847
1559
3826
330
2496
4248
5855
4210
707
4311
3359
426
1333
866
2347
4142
2563
4467
4143
2027
13
281
3642
2605
5860
3650
5998
4497
107
579
2351
1569
3807
3726
2600
2848
4223
3446
4787
2882
4004
1415
1191
404
5221
5667
3543
2980
1728
2624
4339
813
3115
2471
391
3770
1951
3366
4057
4127
455
5955
5315
5468
711
2636
4440
3572
4167
5365
5516
2369
3008
5001
4882
5536
602
3897
5310
3936
2448
4212
1069
5586
2166
3208
1605
1381
2619
3703
3744
3342
2961
1122
4578
896
3419
5415
3623
1318
5757
2501
5638
3394
5459
1013
5217
4870
2890
3951
644
2008
2363
4384
4092
2615
2071
5548
1543
320
2623
4140
3369
2098
1121
4249
4081
2443
5107
3758
2649
2717
279
278
3559
2387
1423
5032
5806
1291
4944
4375
1230
1502
5400
5681
3144
4957
3584
4691
3962
326
5640
5861
2067
1567
4937
5930
5235
3518
2034
2035
2239
4763
5405
2625
3831
1795
2272
4198
4369
3353
3910
4112
3327
4096
403
688
5779
3279
542
4591
1070
561
4335
2626
3201
2642
2725
3497
2773
4808
4295
714
3148
693
3564
3160
1306
1853
4914
2141
4355
600
5802
2529
1615
77
5739
5022
5825
2038
809
3119
2531
205
3227
3949
2641
5790
2183
3243
3031
5267
4682
2839
5287
5238
2414
2087
5947
5006
2699
88
3112
4960
207
4007
2894
4266
1394
4953
1275
4762
698
2937
5139
3338
5408
5543
2065
5817
5916
4523
2927
5980
5445
3612
3047
5285
3754
5149
1941
2441
2813
416
4258
2340
1152
4469
1599
537
395
3861
4036
2444
43
982
2165
2723
2379
1860
2059
2921
5874
2784
5075
3722
5712
2150
652
5765
315
4557
2385
5265
524
5452
221
901
1234
5867
5761
4966
970
734
2093
2175
4955
3875
259
24
5922
1231
1419
2378
1188
3952
368
1456
4603
4521
1556
1846
3216
1475
5655
4308
3149
5394
1353
5598
5494
615
5821
5974
5571
4813
1472
5503
5811
4117
1490
4519
1162
2770
4267
2645
921
1596
5473
4913
496
295
3356
2078
2682
3634
5841
1566
4042
1899
3140
5593
5460
1413
2132
5346
203
175
5363
222
1382
2497
3907
1184
591
4857
1119
3004
5574
5990
2583
2283
1610
5693
5979
4753
5316
2914
4715
4855
266
1826
5999
4301
2362
543
5486
3395
3199
3291
4711
5507
5387
4250
981
2507
2429
235
5747
4695
1229
5392
4843
1246
3819
1141
3839
581
1856
5515
4100
1304
3865
4077
4669
1994
3363
5420
4381
483
1959
5968
3128
2660
2823
4251
4234
5900
1677
4667
4757
4600
779
3209
5483
931
1268
2118
313
5523
629
2328
4017
4710
2570
122
3440
3713
3735
5318
3982
3474
4871
4731
1321
3513
3075
1130
3467
3292
2537
5700
2228
4714
2559
4555
1347
5205
4670
386
78
231
2964
3517
5767
5743
1109
1606
2757
4981
2852
821
352
1239
3853
4628
5984
4558
3311
5890
5422
949
2872
2502
960
4476
2777
82
3921
607
1737
653
5634
699
2131
5140
2313
294
1126
4221
5245
3672
5911
424
3940
1948
1364
539
5211
4411
5195
4391
2245
4569
2374
3444
390
3066
5635
582
4299
4577
2836
489
3872
3482
881
1405
5517
5514
2901
3841
5551
2500
1551
146
4622
5244
2681
3679
3355
4842
5313
4962
5885
5254
5044
598
2580
3159
3586
1437
2426
2445
5011
4994
4792
86
1292
219
2924
5589
2456
62
2658
5909
4924
1251
5102
5275
3888
2481
2679
5141
5295
1139
3269
156
4271
2304
3864
5956
361
835
3211
1937
2410
2555
2057
30
2399
4700
5619
4449
4967
1532
3668
4563
783
2355
3024
4235
5670
5094
645
4309
5327
2976
4151
4627
3958
776
3845
3948
716
5051
2184
1217
5883
5097
4085
2631
5839
1702
4047
5808
4878
2577
792
3825
4931
944
4508
4232
980
2578
4129
3581
2812
3266
545
5731
3689
355
4372
400
3767
253
3842
1590
1104
2573
1174
4988
7
4037
4383
5759
4079
635
2293
1954
5721
4414
2895
2193
1917
1841
1425
4009
5591
97
5843
735
5561
4969
5664
4259
2783
5040
2996
4048
5135
3501
3669
5668
3554
2806
1578
2049
3995
5190
3178
5371
4086
1783
5780
1299
2992
3552
2287
3756
3347
1281
5842
2044
5329
671
3981
2337
5194
4911
4332
1445
4481
5556
3331
2853
546
4401
1611
1735
1497
85
5292
3700
4561
5613
869
2163
2593
1214
3271
5745
5448
917
5412
4785
4076
2862
138
4357
2270
2833
3425
302
3683
2211
894
5056
4921
4419
3685
5642
3335
3181
2101
4367
5820
2268
691
4943
1226
2315
2542
41
3049
4001
4171
1722
4643
5889
556
1713
4679
503
4487
4776
2855
2043
1221
2982
2339
2352
5229
5684
1398
5317
3005
4686
4884
4400
3667
4865
828
5155
5921
509
1358
3478
2007
1809
3224
3730
3705
0
4631
202
2568
300
2820
5417
2230
4482
5207
5751
5816
1469
3003
4507
5901
3657
1691
1772
5606
2021
1879
5691
5941
197
3107
2581
805
5156
1391
5815
4063
4058
5474
5279
5248
2152
5982
997
4188
2849
3616
3301
606
5421
1817
492
1834
4588
3011
4674
950
2851
1913
1388
833
548
2082
4461
3219
3568
105
451
5411
2015
306
2966
1261
4500
3555
3665
2484
5247
3244
5121
3495
1877
662
521
5773
439
478
5407
4827
799
1429
2170
3750
4236
4864
1793
5737
5713
3670
3205
3671
3445
3691
641
1215
208
2676
357
3430
4749
5202
3012
1895
596
3390
2094
1092
3522
4745
17
1529
5191
5632
2878
4501
3613
1028
2472
1758
3512
2180
3251
5092
1987
328
2991
499
1750
5175
171
5485
1477
2707
3026
4873
672
1442
3595
2879
3789
571
5793
5527
3383
1905
1450
4717
4327
1915
4356
3204
1297
2534
5697
2544
3871
2675
4177
2174
5311
633
4650
5599
701
5709
2908
3606
3598
5009
4480
128
3288
5935
2637
5419
3213
2899
3392
2875
3702
2635
3690
198
4515
4905
2068
5030
2876
1355
1593
5458
3953
4584
2061
964
4389
956
679
2733
5333
2515
2916
5126
5293
3502
4867
2671
5776
695
1894
623
2958
1931
5603
681
2837
5395
4598
2541
5067
1939
515
113
5418
3946
125
3207
1041
5711
4059
2234
2740
517
5567
4239
3480
794
3086
1935
1071
4246
1404
4623
4155
1974
1920
5109
2524
2430
343
1701
1427
5328
2571
5991
5345
1847
2305
5289
739
2889
563
1257
4156
5103
3811
246
5241
34
5875
155
3906
2112
2326
5497
2026
4160
83
5729
649
4608
4841
4573
4444
4194
4673
761
2741
946
2474
1797
2486
557
2936
2533
2683
5290
1137
2751
1625
4859
5926
972
2389
4228
4284
4601
3778
5725
1189
5653
1276
2598
3947
3619
5233
5724
4832
823
3146
3873
2503
843
5823
2311
378
4609
3658
2807
1742
4262
465
5576
4321
927
3275
251
2088
2397
5439
36
3654
5902
211
3493
4646
5687
5179
3294
4506
5695
4028
4659
2705
4226
5337
177
157
4987
4502
5831
1889
4947
1901
5127
5622
1983
5403
5970
2567
3094
4446
445
181
2273
4080
731
3289
3361
2091
213
789
2729
5809
81
5427
5949
2205
469
4685
2478
903
1603
3813
4819
1651
4486
2931
3247
3707
4275
1972
2634
4663
3643
5331
3849
2381
3225
810
5696
485
1631
554
2298
291
841
5383
3319
5625
1337
1621
840
5443
1867
3605
5866
765
2280
551
149
2463
3329
5750
3531
2469
861
5845
5489
4652
66
3937
4509
4755
284
5070
93
4053
4179
3195
5423
4688
4805
2421
3370
4340
4709
5679
1964
2400
811
3558
5895
2320
55
4963
1211
1283
4610
1756
1784
341
5476
3377
2664
862
47
5994
5031
4119
3799
3409
215
3923
4305
4231
2233
4489
433
4043
4011
4470
857
3323
1773
3262
5273
382
1197
1753
5348
3622
1048
4698
3647
3273
3882
1861
2504
2383
2788
1581
5775
2617
815
5871
3378
5783
3013
3775
5781
965
2279
5152
4415
2258
777
3567
1661
3569
1777
179
2349
5096
3860
867
2941
5605
2153
2395
4287
3601
3692
3510
4068
2045
1923
889
2913
76
667
1136
2482
767
5079
2877
2179
4927
2700
3550
5547
5929
1383
5259
4005
265
1271
5499
1317
3231
5671
1181
1501
5080
2519
3742
2309
4392
1868
5733
4376
3858
5736
3452
5344
3258
1
2718
1134
5084
4526
3720
552
2685
1558
1307
4777
2111
5087
3635
220
3687
5027
1015
4192
4595
4044
4660
4850
1077
5537
4290
486
2013
327
37
4015
3021
1087
3432
5799
2004
1325
4923
2241
4145
3422
705
5170
2789
959
3956
3655
4027
2545
5771
3590
348
1393
5629
5007
95
5398
1755
4039
3752
1346
2845
1091
597
4996
916
5268
1745
3200
68
963
5919
1096
4621
2553
2702
3365
1386
829
3135
1010
4114
3970
4816
4875
5375
2840
4881
1323
49
2100
2475
4906
2359
5388
3710
2039
890
2489
5834
4453
5938
1439
4442
920
2582
2897
3080
1365
3254
3779
5787
2288
452
893
5763
108
4537
5995
721
4424
643
2160
3321
5323
4956
1875
5611
2843
2767
69
1649
570
3401
1266
1709
1776
3391
1698
5914
5791
3835
2923
4263
1629
392
5165
3534
75
751
1749
4157
3768
3740
656
4677
4535
1029
4579
544
1309
4852
1839
135
4735
5558
675
5173
1285
3833
1519
5488
3896
5072
2011
2646
790
2810
771
4220
5133
1961
4181
1512
1907
5368
5730
5451
4940
1361
4199
5719
1909
2203
120
3627
5975
4665
3544
685
2603
2413
1674
1921
4094
3743
4810
2209
1727
4247
5272
244
1237
2968
1897
2479
989
5951
639
3341
1927
2329
4741
4073
3950
4761
3677
1448
490
5588
4204
4471
715
165
1227
3268
190
3241
757
2025
1711
3404
3711
5692
4662
942
5887
622
5013
837
4488
1201
4121
393
4071
1712
1375
2345
5277
713
252
992
759
2523
2412
1213
10
229
5262
3719
129
2023
2010
4418
886
1986
5649
1206
5562
5597
1634
5015
2327
5071
1078
2592
1352
3656
5774
1869
3054
4889
1243
752
4542
5958
5477
1790
3997
689
5215
4951
709
1107
1466
2527
1093
1969
225
4257
4885
5685
2721
435
4697
1571
137
28
1505
3506
2835
3033
255
2084
1609
923
4948
3928
4565
249
1349
3632
2001
1863
3142
3067
2748
2709
1778
458
2487
5886
2662
1989
2418
665
4510
4066
5284
169
4082
3562
1223
3589
5609
4159
5029
5266
5216
385
4863
2144
2925
845
3680
3902
559
1403
3637
5939
2202
5249
865
5493
1819
1449
3131
5108
4344
2782
3969
3830
5744
5637
924
5193
4727
2358
1930
4570
5369
1235
31
5801
2029
5965
5699
5183
2532
5753
1479
4485
2435
1319
1389
4684
3893
5099
3529
245
1331
1642
1526
4770
2557
5438
1759
5281
2333
3809
1857
4101
5231
859
111
3943
495
3659
189
168
1245
1943
5553
5357
298
1047
5728
1372
2611
5881
236
4883
5710
1657
5985
1874
415
3016
830
1443
5853
1893
2281
4783
1241
5119
3328
2940
5263
725
4892
1311
1409
21
5633
5977
4849
5397
737
1947
5431
2627
860
3651
4033
2745
3309
3259
286
1303
4532
4645
831
242
1195
3143
603
1324
4475
2253
4705
5213
1725
5355
4022
5343
2975
4908
5393
4617
1775
3248
3286
3614
410
1369
1837
4016
453
1289
2207
5573
3400
4845
3974
2738
2005
3472
283
4527
2735
1293
3829
2511
4191
1356
2440
2365
1357
4316
3693
2863
1310
5151
2292
1351
5715
5435
5963
913
2871
359
4216
5120
4713
5274
5923
5074
3734
4926
2736
5463
4147
2621
4675
5896
5377
791
1327
1981
1341
4773
2269
1334
1602
3542
2781
504
1030
5243
5587
5917
2780
5199
3386
1828
3920
4801
925
2373
1287
2508
1991
4123
5683
209
2450
620
817
5471
1277
5053
5554
3777
1259
3582
849
2325
1301
3082
1583
1158
1926
526
5521
1517
2403
5131
1887
2561
1723
2408
4767
4868
5626
25
4218
5240
4233
1859
206
5827
4115
1185
473
2761
5560
5299
2506
4543
1956
5250
4067
5018
4748
1377
4031
161
2866
907
5115
3673
5512
5993
2357
1489
528
5228
4797
909
5511
1359
4289
719
2037
712
12
5433
5557
3791
1453
4847
2143
1363
1387
1971
293
577
2816
1924
3337
669
1313
975
5236
56
1771
1233
1368
3396
732
5467
4597
1315
3492
2081
1249
5163
3424
360
4739
4279
3709
3460
5641
5621
2017
5491
3938
4820
4208
4625
5436
872
2149
3541
5257
3815
787
5430
4909
1295
1262
2411
1247
5740
51
2483
3596
429
4256
4891
2629
5019
5748
4238
5983
2191
2944
4607
5978
5159
2493
1997
1724
1729
117
1480
5608
2146
4360
4615
5116
519
4583
114
3490
5227
1929
814
3571
1179
5563
1678
5531
5083
5487
1955
4265
4023
2147
2886
3443
825
5694
5952
3382
27
3376
4723
5321
1395
1432
1883
1040
4347
3980
5661
2528
4729
2525
4505
769
2883
3699
3591
2587
1183
5379
5819
2396
4243
5455
3015
4629
1108
4103
2051
303
4738
4793
2539
4719
670
3881
4511
5129
3609
5615
5340
3929
1965
1843
4002
1586
3314
874
1265
2350
1329
2915
2079
440
5076
5981
5380
462
4455
1471
3565
895
3524
5399
5698
4985
4694
733
5717
4083
5389
2121
4539
2935
885
1495
1645
2353
1097
1193
1255
2597
3514
1993
3603
5541
4288
3776
3630
2803
187
4529
5525
4201
2195
2873
1209
4491
3698
1207
5585
4655
2257
1267
5409
745
5147
5505
3035
756
2075
1219
5154
3176
427
5332
1263
5359
1618
1269
119
4692
1550
5153
1339
3661
3336
4653
464
5203
3715
63
399
5627
5373
5319
4495
5246
3607
5442
5167
1664
4854
5583
2771
5988
1397
2554
2919
2473
5961
4245
5997
1995
2200
4465
3585
1290
5187
2073
1420
121
4664
5973
1199
781
1371
3362
875
4342
5665
3402
2077
4203
4581
3198
5353
4462
5987
743
4681
5034
1873
5475
4270
2019
2652
5967
3106
1999
1963
1367
2796
5469
5461
2009
5972
Query: 4
Nearest neighbor-1: 1732
distanceHypercube: 1322.51
distanceTrue: 1092.53
tHypercube: 0.22758
tTrue: 1.19931
R-near neighbors:
1732
914
5822
5406
4838
3998
2452
5046
322
2052
194
1653
1934
2922
2190
1630
5918
1546
4318
4593
3701
4406
5796
1748
988
4026
608
940
4056
5366
3588
334
1764
5672
692
2164
616
3322
3761
3978
1308
3739
4336
4172
3256
3631
3104
314
1408
3222
804
1560
718
4779
4102
1692
92
3608
461
564
380
1820
3284
3240
4890
4616
4592
3573
2289
338
1922
1827
2829
1685
3625
2060
3194
4596
5792
1884
2176
4746
1608
5572
5362
4538
3439
1038
1632
3862
1258
434
877
5944
4613
4060
3783
1360
5278
4494
4630
5008
237
3686
5444
344
4456
2390
2106
4206
1198
2753
782
3312
3426
5673
1693
4466
3566
4789
1212
5658
4350
1248
3708
1216
1232
1508
2596
1794
3164
3000
5492
438
1050
1613
2424
460
1738
682
4132
4794
3790
3724
1960
1882
1946
4747
4454
3232
3781
1720
2704
5704
2962
932
4334
4032
3990
1462
1446
3746
2416
3903
188
5964
5532
4436
3785
3857
1568
1576
3796
5130
2809
3450
2317
2244
5490
1172
4174
1976
2364
5892
4264
4707
1646
4252
1852
5298
5125
4833
5024
4522
1932
2
1633
4811
275
5830
3611
3652
1622
1757
1116
3639
1006
1498
2181
4782
2984
446
3278
297
4244
4916
4088
686
1740
1885
2608
820
217
3203
4260
442
402
5612
3620
4618
1663
4758
2299
4050
4020
2064
1886
1604
5718
906
3780
3246
3348
1014
4464
1695
3018
2157
1858
4771
5138
5111
2488
4668
5992
2458
2240
4307
3334
550
1751
2832
5264
2800
584
3100
1855
1165
3794
4907
5144
2799
1220
3653
4802
2129
4315
3992
3186
2213
5322
2874
257
2312
3624
4478
4292
481
264
3352
4038
4184
142
4796
289
4899
3459
4283
5518
4784
5134
778
2808
2398
5946
2161
4158
5068
3190
3477
4075
1667
4901
5416
2950
5904
3583
1147
3645
2199
4877
3716
3764
5734
4874
3302
5188
2386
2115
2706
531
1968
1037
3050
3448
2574
1431
4568
592
4902
1073
4240
3694
3757
154
742
2220
3074
4897
3792
2680
64
4124
4806
2850
110
2204
1789
5546
329
2827
1979
4788
2562
4211
5338
2321
4743
2069
3786
2498
2344
2690
4146
5002
868
3078
1163
3804
1004
1982
3052
680
1911
4433
4297
1684
5146
3836
3814
847
3824
3984
5122
5836
3072
647
3496
541
1460
4929
4125
4798
3372
5636
1288
5522
2510
1083
2620
586
1187
2247
5932
882
4326
4422
4416
2665
2274
1098
1424
232
2054
4272
48
4035
902
4594
5288
1177
2819
5764
2558
1573
5854
1256
4055
5440
854
2235
436
4313
926
3570
1962
5136
762
158
4483
1170
1034
2722
5568
3877
5093
1628
1782
1765
3508
4377
502
3414
1168
5794
5912
5844
908
3600
585
418
428
4330
3753
1584
413
5450
3810
196
5164
3270
3874
3905
115
4361
4274
2822
5880
4323
2210
4768
1752
4954
5590
1046
4726
2370
170
1796
4896
910
4098
3961
2436
1280
3076
5592
4626
5137
1272
4919
4564
4769
3782
971
576
354
4195
2737
1110
373
1114
4562
5550
4458
1580
1803
5356
350
1008
4472
2742
1164
272
2896
599
2750
3636
2902
4222
388
2778
2109
3260
432
4354
5580
1762
5112
1767
3354
5402
2612
5798
5829
1763
897
4217
3023
3161
3773
536
3618
3760
1620
4900
3968
4320
1171
5350
5535
2569
700
2589
4242
2095
4180
3999
5630
238
4786
1845
3183
1565
1655
4185
4759
2995
374
172
4752
3044
3318
5180
4498
1950
4175
3964
5414
116
4394
1743
2772
520
786
4586
3138
4164
5482
2560
4097
304
4277
1112
2804
2072
4006
4540
4428
4822
243
369
5669
3717
3399
3020
1744
1023
387
5410
4133
4484
4064
234
89
5464
1294
3718
127
4099
5720
2031
4118
5594
4928
4737
5382
3684
5106
2697
5208
4410
2402
1182
4975
580
4219
3704
3218
5100
4952
5172
5526
3290
2264
4696
3838
230
500
4214
2251
282
4197
4338
4869
3528
1513
1022
4474
337
4942
2588
1176
929
922
3298
2460
9
4774
4130
1133
3784
5198
4716
3808
5234
1996
5361
3283
2490
103
5336
4804
1379
1402
4556
1719
3116
2290
2888
2323
1124
4368
3125
4439
788
44
1314
1940
4423
2216
2338
4135
2918
834
1142
4417
241
4366
1747
892
812
2659
3022
1825
2468
3640
2971
2394
4824
605
84
3610
870
4736
1904
4078
1850
2828
2556
5948
3866
1842
1770
2713
3507
4552
630
1376
5602
4826
4303
4712
3916
4656
738
1866
5462
4791
5047
1514
1186
2074
5401
5280
4546
4040
706
2267
214
4936
1080
627
38
3202
1410
5726
1984
5828
945
5124
2050
5569
4459
1619
5017
1888
3806
5544
4386
2614
4141
16
5519
5746
1175
5282
4019
5760
2798
2236
5837
4633
2158
144
3340
1190
876
3320
3417
5035
5835
5868
3887
933
567
4809
5376
3433
4084
3304
4998
271
4912
1671
3488
2526
3308
1053
604
4964
5832
3101
770
2254
4113
1129
5064
2990
160
558
4918
5624
5703
1925
1662
4409
773
2640
4839
3505
1705
29
100
2125
4426
2089
3458
2946
1980
1582
5378
3504
4844
610
4104
3166
2308
4887
4382
4430
3548
1716
4530
26
2032
3732
3017
379
3536
2601
2238
3009
3083
2943
2048
4959
2046
1094
4148
3038
3762
750
754
4298
5628
5370
5478
2224
1478
3530
3110
3436
3820
3503
1673
372
412
1099
5966
270
5686
476
1154
1031
4606
4983
2139
2348
4974
3165
2764
506
4920
1574
978
4227
148
2222
2000
4370
4989
962
1487
3070
1733
4229
4828
1988
1440
3515
2392
2243
2790
4296
2726
2491
1687
5986
1328
851
2933
2868
2724
1639
459
4450
1057
939
3994
3306
2265
1510
968
162
1854
3349
210
364
3803
166
139
3079
569
18
4153
1562
2016
4170
4611
5607
3099
1452
15
5600
1967
2376
1833
1554
1153
1878
263
2310
655
5976
1786
4949
2854
3924
3666
5752
3346
3547
2186
4331
5813
5688
3526
1804
1488
3915
4922
628
663
1811
726
1906
2930
2951
1056
2188
5969
4034
1779
1523
1155
848
5157
3538
3296
3151
4255
3463
1131
3371
3249
5325
5372
4041
2022
2518
3187
2543
4830
2014
2900
5424
937
736
3398
4934
677
3182
2776
4879
2040
4390
101
4169
4353
3228
1224
5540
3234
800
54
5677
2492
5178
5940
164
5212
4093
3055
2226
3351
2786
4925
2480
5648
1120
2142
324
1912
4473
4176
2028
858
1540
2178
3828
3908
2787
307
5654
3854
1666
2985
1002
5000
5707
4152
4154
2885
4992
2929
806
2801
2012
305
660
842
5755
2030
3769
986
4524
1806
4182
3230
2938
4970
2884
1676
46
3455
3967
4451
4150
4399
2639
5222
708
2763
1721
5897
22
2720
2633
109
3837
5166
3229
3935
4528
349
2198
2322
5706
71
1898
2196
2734
3429
5286
2972
5533
4504
1111
58
3988
104
371
363
5869
2262
2173
3592
454
3766
5575
1500
1536
4364
5943
3914
3843
5657
384
2271
1123
4273
3957
5620
3415
3545
276
1808
1900
1463
2983
5020
3697
1525
4703
1665
5045
1683
1896
2145
1595
954
1511
514
5663
3120
4744
5846
2219
1392
3423
4551
1322
4306
498
3212
5666
3272
2948
2898
5650
1670
1166
2314
3084
1654
2689
5582
3087
1412
2003
702
2438
1434
1378
3358
3157
3102
694
1240
2041
640
4754
3959
2140
1244
5078
547
497
904
2296
2926
505
4756
3428
987
353
301
3816
1082
5738
4632
1422
1557
2909
4363
468
4165
797
3380
1149
1242
4388
2994
5342
2217
928
1802
5826
1739
226
4566
2973
5870
855
4427
32
2318
5253
5065
4010
2591
1494
2391
1531
4678
3029
3930
323
5223
2826
4977
1835
1612
401
87
5384
2282
3081
1902
4276
2987
4186
3002
2564
2342
5307
4025
474
3539
768
1088
4641
3774
2821
1890
3117
5659
1522
763
4447
4680
2959
2602
377
2218
1908
2698
1330
3473
5171
5509
4760
1017
3252
796
4173
1650
5807
3486
3626
1617
4704
3904
1614
2517
1302
1818
2356
3388
624
466
5063
365
5778
1000
4111
5804
124
2530
1491
5042
5089
4189
3818
4304
3059
1541
1113
5578
5680
3464
967
5701
1690
4976
2242
1506
3153
4457
3098
1135
3350
941
3945
990
657
1928
3712
5652
98
2494
2102
3090
1539
3721
4624
2384
2746
850
1600
2024
4893
3206
2548
3287
2670
617
2148
3966
3520
332
1417
3834
5038
3040
1815
2963
5722
4362
674
5324
2316
5220
5255
2431
2684
4946
2366
4425
4435
2765
2911
2974
2686
952
1521
444
4619
5256
2644
1840
5716
5899
2291
260
2768
2259
2520
2446
4840
5959
5196
1553
2536
1316
1101
5960
5810
3563
3130
1679
5882
601
336
2306
3470
4463
1065
3442
1451
342
1549
4781
2368
4853
819
5782
2066
3895
2454
2237
5570
2841
566
1518
3944
2229
3772
4348
5308
4851
4285
3330
4620
724
3533
4991
5756
3168
3973
5924
1228
1074
1978
4750
5354
3387
3475
1095
540
1024
3798
2579
966
4030
5426
3061
1390
1975
993
3926
690
824
2018
258
717
1103
1781
4054
741
3121
4441
5028
1660
1486
4095
472
2360
1990
4379
3509
1345
1821
3007
140
3381
1552
3976
4634
411
658
1338
1169
484
955
2590
5651
798
4999
2447
134
1547
3235
1938
5850
5565
1499
42
1644
1936
1286
1433
4580
898
362
3039
2997
4649
3662
2006
3664
619
4834
3147
1545
1746
748
1061
123
5824
5524
356
533
396
2080
5352
4385
562
1648
3580
1597
2361
4312
2970
4106
3089
2062
4689
2653
376
1072
5772
3556
2404
4895
5118
2838
3431
223
204
1264
3063
5182
5258
2752
3911
2892
5682
3077
3479
5689
3389
1484
4396
3884
4107
4514
1054
1444
5996
5714
4825
5644
228
3226
1117
3276
1638
8
3339
5158
4860
3454
3822
2105
4995
3738
2090
5945
3324
2330
288
1414
72
3759
2791
5848
1623
1973
1157
2433
52
1544
4314
3983
2906
5432
3535
1672
2666
2969
5805
3037
744
5498
292
1362
3245
4958
632
3894
4932
2286
996
1204
5920
5033
2758
3393
3162
4728
4468
2743
2811
4395
186
3886
2380
4910
703
3840
3405
2830
4836
3139
4126
4337
3150
3771
4365
1167
310
2903
4742
1208
3457
406
5894
4207
2169
5705
3728
2097
3629
3221
1699
340
1455
3788
2688
2113
274
3108
2128
636
2086
4734
1161
5123
5016
1194
80
853
634
2331
199
491
1089
3577
5833
3085
5177
5003
2893
2728
5309
4973
5814
4721
808
2755
3954
2134
1697
358
3127
11
2427
2110
4536
4013
3852
268
3751
3065
803
1704
5088
4642
1426
3045
4732
3136
5552
1370
212
3180
4452
4637
4138
4730
4986
414
4373
4328
2692
3132
60
1348
1903
3532
2540
1332
3867
5386
1872
3196
2891
3465
4329
4224
2354
3593
578
4972
1730
2802
2261
3105
3019
994
2744
2232
5437
3696
2246
4420
501
3447
728
4280
2747
4178
3633
5502
1178
3154
3706
2654
5500
3028
2092
2002
530
2108
5596
3795
2130
976
5351
3892
684
3540
5260
3092
3942
2457
331
3280
1081
2998
2137
863
5305
1570
3484
1515
844
930
3551
383
316
20
2187
5950
5660
2610
4490
4074
1063
5878
4254
2138
5434
590
1016
5181
5276
4317
621
4460
3996
1537
522
3172
666
1555
3868
2116
1814
3170
5538
4496
4190
2864
5425
3236
1830
4720
5095
5762
2797
3498
5530
2135
4358
4202
683
2844
5812
1624
638
5302
3521
2461
534
1079
4980
3025
5513
408
3051
2485
45
839
3876
61
4352
1350
1892
3041
2594
2988
131
5101
532
2739
5014
2260
4061
696
2668
518
2295
864
2058
5614
2604
5496
1003
1591
2716
826
1473
4572
5800
3714
3122
899
422
5148
167
856
1714
802
1481
1824
487
648
417
5082
2406
4687
3420
3985
4116
5306
538
2256
1524
3731
4862
1572
398
775
1085
2428
163
730
4866
4722
5647
112
2861
4930
3674
5132
1669
4513
5058
4120
2606
5061
2538
1218
5864
5110
173
1992
2673
3293
4091
774
2917
366
4965
729
758
2954
2708
2466
2928
2535
3483
3114
2566
3576
178
3069
1700
727
2336
2439
1998
3965
1132
5117
3925
3453
2266
1140
50
3805
4397
419
1354
5176
3898
3315
3648
2774
3027
4612
3368
2284
4437
3441
4517
3878
618
5579
3979
2793
4945
3641
1075
4371
1305
4268
1105
1696
1474
3093
2432
5858
3987
4821
1493
4087
3174
3870
4567
5059
3765
2185
961
5334
3385
5049
2910
280
4012
3188
1643
5291
3163
2221
2278
3991
3310
5542
2650
2155
5865
3167
4200
1754
1125
2616
3821
4544
335
3557
3462
5224
4554
6
1196
437
5555
3413
3217
2859
1592
3812
3604
2949
3437
3880
3579
651
3434
3250
2846
4640
5218
67
5898
2442
3255
3010
884
880
4393
3900
3487
3210
4105
5090
2785
4072
5300
2297
900
4345
2953
311
3649
2117
5520
5891
394
4324
5043
5145
1461
5863
470
5004
1106
5581
4547
723
99
14
2114
3030
3001
3014
3088
5481
431
1801
3736
2550
1682
3360
588
3885
5534
1284
184
3801
2194
2979
3802
4997
631
2818
1656
3646
1320
4531
3993
1520
296
4534
1278
2730
5150
254
4647
3103
2701
4545
2939
1718
2967
4702
1870
5160
441
637
5283
1957
1340
1492
3918
5314
2766
299
2231
3111
2630
2814
5303
91
2586
5851
1483
4387
568
4346
5962
183
1406
1636
2759
3032
3171
1689
5484
2275
1768
594
5645
102
1703
4648
3418
2055
1919
420
793
3678
5041
5364
4413
3332
5214
482
3261
1416
508
947
2455
4374
3491
1832
5390
430
4894
3134
935
475
2795
5910
5039
612
4599
2214
2989
512
5057
2792
5209
2805
3823
1173
1296
333
3941
746
1792
687
1509
4134
4398
3096
4571
2572
3451
2712
4402
1694
33
5098
3274
2655
3152
5768
5766
2156
4979
3500
4978
1118
1640
5913
79
5786
3899
193
5012
668
4014
2516
1202
4772
2960
3333
1787
587
1159
3597
3242
4
1270
2643
3042
247
3411
2208
523
1668
3602
5230
2420
4876
1538
1396
4898
174
3934
325
248
5269
1507
3745
2319
5539
4661
463
911
3741
1343
5501
4602
2371
3295
1282
4477
339
5447
457
5933
5142
3064
3932
5026
4131
2476
527
267
5441
1761
1060
5784
5347
887
583
5251
1851
2638
555
2465
4699
2513
510
5873
2334
141
2585
5690
2056
2509
5081
1210
191
5010
2377
4051
3749
4790
1635
5818
5884
3343
3844
4672
4993
4215
185
2206
3263
4939
2549
2182
3578
4520
2551
4690
3006
1344
5021
479
3927
1009
5545
1849
2425
1647
4108
2341
535
1970
4090
2300
4349
5232
5465
3527
4880
1086
2367
3660
4322
1036
5770
5091
5446
1706
4378
4024
697
4183
233
5312
3374
3313
3797
2648
3489
3300
2103
1051
2678
2957
1203
720
755
3561
4861
2070
5428
3095
4241
3587
5656
589
5128
5989
4161
3863
3297
4163
1504
5528
4778
2715
1160
998
3068
2912
118
984
1548
5618
2388
2119
661
3379
1300
1658
1438
3594
822
511
3546
1561
3435
4065
3364
4405
2824
2727
3282
5242
3919
753
5927
2372
3755
3800
3097
5610
4764
136
3091
3133
4780
2663
1035
23
574
2754
5735
2512
3909
611
3975
2171
5252
915
3118
480
5330
1238
1254
912
2076
1607
1342
1156
957
1459
2647
4525
4575
2514
5185
4109
5025
201
2869
5048
5678
5456
2669
878
5639
4541
2303
1076
2189
832
3615
1822
3723
1527
2613
3438
4835
1535
4614
2860
4499
2223
4766
3461
96
760
846
593
3748
1577
2462
3890
2981
195
2965
1823
838
4990
2464
1128
1812
3416
4635
2691
3913
5204
1598
3109
1589
4407
2857
560
1100
676
2263
493
5754
1530
710
5838
1766
5506
1052
784
2332
3525
4230
5296
1465
1430
4293
1836
4205
4589
1838
1064
130
2932
2307
614
4021
1068
2865
2212
1067
664
285
3663
4831
5174
5504
3675
4605
2565
3048
1810
1848
2575
1399
4003
3817
2977
1458
958
3277
977
943
2470
4848
5877
969
951
5301
2856
3145
2225
1916
2162
1627
3725
4795
5062
261
1027
5360
4548
106
4421
57
153
5595
2609
1785
4137
1791
3214
407
5732
4971
2301
2978
3316
2252
2760
2674
1831
1476
90
4089
4136
4403
740
2415
2168
409
347
795
5219
5631
5304
4585
2732
722
3036
240
883
1726
1025
2437
1710
3253
2136
595
1366
5197
3317
3375
3939
5349
4300
1401
2453
3421
3485
1482
3574
5953
4162
2847
3971
5169
2696
985
3469
1454
5237
2870
573
1150
747
4445
3357
4651
3046
2552
2177
5297
5662
5270
673
5616
145
423
2817
3137
1891
4325
1966
309
3688
3427
3644
999
4225
1587
3126
2417
4872
4560
873
5777
5702
4815
4110
5162
4432
3847
4718
2419
3917
1788
2201
801
126
1616
2775
4302
1005
4408
5675
53
5206
879
2947
319
3175
2999
2215
1942
3281
1686
4070
2677
3793
1019
176
5577
4636
5549
4029
1659
4886
2151
3763
2451
974
4479
5189
4846
3827
1914
5676
4533
471
936
2083
2618
2434
1933
5054
4193
4294
953
749
40
308
1033
4046
5879
180
1384
2085
3367
4725
678
1865
5758
3303
2249
983
1102
3476
1807
4319
4269
5225
3056
2710
4733
4049
2584
3599
4000
5396
1411
4069
35
4818
659
1250
5495
1881
1001
1637
5936
4968
507
1222
4904
3169
3156
4333
1062
5210
1800
1876
449
1844
3676
5623
1864
5104
3325
3062
3481
1273
3471
1564
2467
2887
1026
2407
1717
5954
5261
3239
4574
4018
287
2694
1146
3519
5646
4209
991
3397
1910
5052
5077
4644
2172
4814
456
1225
1918
4213
1380
4549
1457
2920
290
4261
5727
224
3299
2703
3
5915
4187
2499
5604
367
3977
3184
5335
1143
5381
3729
3155
4448
5086
1021
1374
4278
1707
3560
4045
1012
1688
2687
4550
1626
2124
1260
4516
5862
39
5
4359
2033
4404
4888
3307
888
3901
1421
200
5797
704
4799
2657
5564
317
5239
3848
3407
3855
1805
2522
2063
3285
1798
4282
477
4380
2343
3617
1115
1736
1588
2907
4701
250
1236
2834
3215
5341
4052
5741
3850
3695
5928
1336
3192
609
827
1734
1575
4493
3511
4291
2905
4658
3193
4823
1468
5566
5584
1049
2934
5069
318
4903
565
147
1145
1601
346
2632
2505
764
1138
3173
1032
2382
448
1298
3403
642
4708
5643
3177
3494
2409
5470
2825
2104
1944
3141
3158
1326
5942
5066
4638
3869
1066
4829
3265
1760
3468
4166
4941
654
4856
2779
5023
3034
3073
572
5957
4817
836
2842
4434
2047
1958
1436
5294
1731
4518
3305
3456
2495
312
3681
2250
3883
192
3537
5742
3191
4008
1579
650
2255
256
938
4938
1180
74
4961
1274
4438
5931
2693
3406
4341
70
2945
3345
1774
19
553
5937
1042
5192
5168
1594
5385
2120
2154
2880
3859
5161
3856
2595
2042
1011
2867
5893
5859
3058
2762
785
4582
3931
3737
4237
2248
3185
1447
766
529
905
1470
1428
5480
2346
227
1496
3071
5339
3466
2749
780
549
2711
150
5374
2794
1542
3344
65
2607
3197
2227
1279
3220
5617
218
1018
3889
4982
4429
3682
3267
1252
1680
2547
3851
4917
5708
4751
973
1144
1652
4503
613
5429
5457
2576
2521
1681
5367
4657
5114
4803
2993
4740
2449
2628
5508
3123
3233
3410
2020
381
1780
3523
626
277
152
1585
1533
2375
2423
1435
1813
4139
5857
2422
5903
3628
2756
625
5529
3113
1044
2858
1192
4807
1200
1977
3412
4604
5971
4775
321
3257
2714
2126
1949
5674
2294
5113
5510
2881
450
1715
5906
2302
4553
159
389
3638
4666
3043
1385
1862
151
1528
375
3846
2324
2815
5789
4837
488
3621
5271
1043
2122
3963
1020
4144
3237
2672
4343
494
5143
3879
4915
807
3060
1829
3575
443
1441
3223
1151
5934
948
5749
2167
4858
2335
3516
2197
2599
2956
5769
2405
182
1516
447
5466
1127
3264
4310
2393
4683
2831
3787
3832
3449
852
5184
1373
5454
934
1464
1058
3124
1039
4984
4671
4443
3933
1953
4693
2986
370
2107
646
5413
871
1952
4559
5073
2651
5358
1059
3384
2622
3408
143
1055
5601
3733
5200
397
816
2036
516
818
405
4122
5559
4062
2955
4590
4281
269
133
4492
1769
995
3989
5036
1641
3747
5055
1816
4253
3053
5037
3912
1400
1148
4587
2719
4724
5060
5472
2277
3129
2096
3373
1253
4765
3189
5479
3553
5852
5320
1467
5201
4812
4800
5856
4286
2769
2667
4950
1799
1485
1045
2159
2942
3891
1418
2123
5872
5788
1007
3057
5105
4512
1084
5876
467
73
2099
2192
2459
5803
2546
3326
5888
4706
239
1563
4412
5226
1945
4351
132
4639
3986
1205
1741
59
2904
2401
262
1880
5453
2695
5326
3727
5795
345
273
351
4149
5907
5849
2276
2127
5905
4654
1503
1312
2053
4431
3960
2656
5449
2477
5391
4168
425
5005
575
5925
4935
3499
4676
1708
4128
4933
1675
3179
2133
4196
5908
919
5723
1090
1335
1985
1534
2952
891
5840
5050
94
3922
1871
2731
5404
513
2285
5085
979
772
3972
525
1407
2661
421
5186
3955
4576
216
918
5847
1559
3826
330
2496
4248
5855
4210
707
4311
3359
426
1333
866
2347
4142
2563
4467
4143
2027
13
281
3642
2605
5860
3650
5998
4497
107
579
2351
1569
3807
3726
2600
2848
4223
3446
4787
2882
4004
1415
1191
404
5221
5667
3543
2980
1728
2624
4339
813
3115
2471
391
3770
1951
3366
4057
4127
455
5955
5315
5468
711
2636
4440
3572
4167
5365
5516
2369
3008
5001
4882
5536
602
3897
5310
3936
2448
4212
1069
5586
2166
3208
1605
1381
2619
3703
3744
3342
2961
1122
4578
896
3419
5415
3623
1318
5757
2501
5638
3394
5459
1013
5217
4870
2890
3951
644
2008
2363
4384
4092
2615
2071
5548
1543
320
2623
4140
3369
2098
1121
4249
4081
2443
5107
3758
2649
2717
279
278
3559
2387
1423
5032
5806
1291
4944
4375
1230
1502
5400
5681
3144
4957
3584
4691
3962
326
5640
5861
2067
1567
4937
5930
5235
3518
2034
2035
2239
4763
5405
2625
3831
1795
2272
4198
4369
3353
3910
4112
3327
4096
403
688
5779
3279
542
4591
1070
561
4335
2626
3201
2642
2725
3497
2773
4808
4295
714
3148
693
3564
3160
1306
1853
4914
2141
4355
600
5802
2529
1615
77
5739
5022
5825
2038
809
3119
2531
205
3227
3949
2641
5790
2183
3243
3031
5267
4682
2839
5287
5238
2414
2087
5947
5006
2699
88
3112
4960
207
4007
2894
4266
1394
4953
1275
4762
698
2937
5139
3338
5408
5543
2065
5817
5916
4523
2927
5980
5445
3612
3047
5285
3754
5149
1941
2441
2813
416
4258
2340
1152
4469
1599
537
395
3861
4036
2444
43
982
2165
2723
2379
1860
2059
2921
5874
2784
5075
3722
5712
2150
652
5765
315
4557
2385
5265
524
5452
221
901
1234
5867
5761
4966
970
734
2093
2175
4955
3875
259
24
5922
1231
1419
2378
1188
3952
368
1456
4603
4521
1556
1846
3216
1475
5655
4308
3149
5394
1353
5598
5494
615
5821
5974
5571
4813
1472
5503
5811
4117
1490
4519
1162
2770
4267
2645
921
1596
5473
4913
496
295
3356
2078
2682
3634
5841
1566
4042
1899
3140
5593
5460
1413
2132
5346
203
175
5363
222
1382
2497
3907
1184
591
4857
1119
3004
5574
5990
2583
2283
1610
5693
5979
4753
5316
2914
4715
4855
266
1826
5999
4301
2362
543
5486
3395
3199
3291
4711
5507
5387
4250
981
2507
2429
235
5747
4695
1229
5392
4843
1246
3819
1141
3839
581
1856
5515
4100
1304
3865
4077
4669
1994
3363
5420
4381
483
1959
5968
3128
2660
2823
4251
4234
5900
1677
4667
4757
4600
779
3209
5483
931
1268
2118
313
5523
629
2328
4017
4710
2570
122
3440
3713
3735
5318
3982
3474
4871
4731
1321
3513
3075
1130
3467
3292
2537
5700
2228
4714
2559
4555
1347
5205
4670
386
78
231
2964
3517
5767
5743
1109
1606
2757
4981
2852
821
352
1239
3853
4628
5984
4558
3311
5890
5422
949
2872
2502
960
4476
2777
82
3921
607
1737
653
5634
699
2131
5140
2313
294
1126
4221
5245
3672
5911
424
3940
1948
1364
539
5211
4411
5195
4391
2245
4569
2374
3444
390
3066
5635
582
4299
4577
2836
489
3872
3482
881
1405
5517
5514
2901
3841
5551
2500
1551
146
4622
5244
2681
3679
3355
4842
5313
4962
5885
5254
5044
598
2580
3159
3586
1437
2426
2445
5011
4994
4792
86
1292
219
2924
5589
2456
62
2658
5909
4924
1251
5102
5275
3888
2481
2679
5141
5295
1139
3269
156
4271
2304
3864
5956
361
835
3211
1937
2410
2555
2057
30
2399
4700
5619
4449
4967
1532
3668
4563
783
2355
3024
4235
5670
5094
645
4309
5327
2976
4151
4627
3958
776
3845
3948
716
5051
2184
1217
5883
5097
4085
2631
5839
1702
4047
5808
4878
2577
792
3825
4931
944
4508
4232
980
2578
4129
3581
2812
3266
545
5731
3689
355
4372
400
3767
253
3842
1590
1104
2573
1174
4988
7
4037
4383
5759
4079
635
2293
1954
5721
4414
2895
2193
1917
1841
1425
4009
5591
97
5843
735
5561
4969
5664
4259
2783
5040
2996
4048
5135
3501
3669
5668
3554
2806
1578
2049
3995
5190
3178
5371
4086
1783
5780
1299
2992
3552
2287
3756
3347
1281
5842
2044
5329
671
3981
2337
5194
4911
4332
1445
4481
5556
3331
2853
546
4401
1611
1735
1497
85
5292
3700
4561
5613
869
2163
2593
1214
3271
5745
5448
917
5412
4785
4076
2862
138
4357
2270
2833
3425
302
3683
2211
894
5056
4921
4419
3685
5642
3335
3181
2101
4367
5820
2268
691
4943
1226
2315
2542
41
3049
4001
4171
1722
4643
5889
556
1713
4679
503
4487
4776
2855
2043
1221
2982
2339
2352
5229
5684
1398
5317
3005
4686
4884
4400
3667
4865
828
5155
5921
509
1358
3478
2007
1809
3224
3730
3705
0
4631
202
2568
300
2820
5417
2230
4482
5207
5751
5816
1469
3003
4507
5901
3657
1691
1772
5606
2021
1879
5691
5941
197
3107
2581
805
5156
1391
5815
4063
4058
5474
5279
5248
2152
5982
997
4188
2849
3616
3301
606
5421
1817
492
1834
4588
3011
4674
950
2851
1913
1388
833
548
2082
4461
3219
3568
105
451
5411
2015
306
2966
1261
4500
3555
3665
2484
5247
3244
5121
3495
1877
662
521
5773
439
478
5407
4827
799
1429
2170
3750
4236
4864
1793
5737
5713
3670
3205
3671
3445
3691
641
1215
208
2676
357
3430
4749
5202
3012
1895
596
3390
2094
1092
3522
4745
17
1529
5191
5632
2878
4501
3613
1028
2472
1758
3512
2180
3251
5092
1987
328
2991
499
1750
5175
171
5485
1477
2707
3026
4873
672
1442
3595
2879
3789
571
5793
5527
3383
1905
1450
4717
4327
1915
4356
3204
1297
2534
5697
2544
3871
2675
4177
2174
5311
633
4650
5599
701
5709
2908
3606
3598
5009
4480
128
3288
5935
2637
5419
3213
2899
3392
2875
3702
2635
3690
198
4515
4905
2068
5030
2876
1355
1593
5458
3953
4584
2061
964
4389
956
679
2733
5333
2515
2916
5126
5293
3502
4867
2671
5776
695
1894
623
2958
1931
5603
681
2837
5395
4598
2541
5067
1939
515
113
5418
3946
125
3207
1041
5711
4059
2234
2740
517
5567
4239
3480
794
3086
1935
1071
4246
1404
4623
4155
1974
1920
5109
2524
2430
343
1701
1427
5328
2571
5991
5345
1847
2305
5289
739
2889
563
1257
4156
5103
3811
246
5241
34
5875
155
3906
2112
2326
5497
2026
4160
83
5729
649
4608
4841
4573
4444
4194
4673
761
2741
946
2474
1797
2486
557
2936
2533
2683
5290
1137
2751
1625
4859
5926
972
2389
4228
4284
4601
3778
5725
1189
5653
1276
2598
3947
3619
5233
5724
4832
823
3146
3873
2503
843
5823
2311
378
4609
3658
2807
1742
4262
465
5576
4321
927
3275
251
2088
2397
5439
36
3654
5902
211
3493
4646
5687
5179
3294
4506
5695
4028
4659
2705
4226
5337
177
157
4987
4502
5831
1889
4947
1901
5127
5622
1983
5403
5970
2567
3094
4446
445
181
2273
4080
731
3289
3361
2091
213
789
2729
5809
81
5427
5949
2205
469
4685
2478
903
1603
3813
4819
1651
4486
2931
3247
3707
4275
1972
2634
4663
3643
5331
3849
2381
3225
810
5696
485
1631
554
2298
291
841
5383
3319
5625
1337
1621
840
5443
1867
3605
5866
765
2280
551
149
2463
3329
5750
3531
2469
861
5845
5489
4652
66
3937
4509
4755
284
5070
93
4053
4179
3195
5423
4688
4805
2421
3370
4340
4709
5679
1964
2400
811
3558
5895
2320
55
4963
1211
1283
4610
1756
1784
341
5476
3377
2664
862
47
5994
5031
4119
3799
3409
215
3923
4305
4231
2233
4489
433
4043
4011
4470
857
3323
1773
3262
5273
382
1197
1753
5348
3622
1048
4698
3647
3273
3882
1861
2504
2383
2788
1581
5775
2617
815
5871
3378
5783
3013
3775
5781
965
2279
5152
4415
2258
777
3567
1661
3569
1777
179
2349
5096
3860
867
2941
5605
2153
2395
4287
3601
3692
3510
4068
2045
1923
889
2913
76
667
1136
2482
767
5079
2877
2179
4927
2700
3550
5547
5929
1383
5259
4005
265
1271
5499
1317
3231
5671
1181
1501
5080
2519
3742
2309
4392
1868
5733
4376
3858
5736
3452
5344
3258
1
2718
1134
5084
4526
3720
552
2685
1558
1307
4777
2111
5087
3635
220
3687
5027
1015
4192
4595
4044
4660
4850
1077
5537
4290
486
2013
327
37
4015
3021
1087
3432
5799
2004
1325
4923
2241
4145
3422
705
5170
2789
959
3956
3655
4027
2545
5771
3590
348
1393
5629
5007
95
5398
1755
4039
3752
1346
2845
1091
597
4996
916
5268
1745
3200
68
963
5919
1096
4621
2553
2702
3365
1386
829
3135
1010
4114
3970
4816
4875
5375
2840
4881
1323
49
2100
2475
4906
2359
5388
3710
2039
890
2489
5834
4453
5938
1439
4442
920
2582
2897
3080
1365
3254
3779
5787
2288
452
893
5763
108
4537
5995
721
4424
643
2160
3321
5323
4956
1875
5611
2843
2767
69
1649
570
3401
1266
1709
1776
3391
1698
5914
5791
3835
2923
4263
1629
392
5165
3534
75
751
1749
4157
3768
3740
656
4677
4535
1029
4579
544
1309
4852
1839
135
4735
5558
675
5173
1285
3833
1519
5488
3896
5072
2011
2646
790
2810
771
4220
5133
1961
4181
1512
1907
5368
5730
5451
4940
1361
4199
5719
1909
2203
120
3627
5975
4665
3544
685
2603
2413
1674
1921
4094
3743
4810
2209
1727
4247
5272
244
1237
2968
1897
2479
989
5951
639
3341
1927
2329
4741
4073
3950
4761
3677
1448
490
5588
4204
4471
715
165
1227
3268
190
3241
757
2025
1711
3404
3711
5692
4662
942
5887
622
5013
837
4488
1201
4121
393
4071
1712
1375
2345
5277
713
252
992
759
2523
2412
1213
10
229
5262
3719
129
2023
2010
4418
886
1986
5649
1206
5562
5597
1634
5015
2327
5071
1078
2592
1352
3656
5774
1869
3054
4889
1243
752
4542
5958
5477
1790
3997
689
5215
4951
709
1107
1466
2527
1093
1969
225
4257
4885
5685
2721
435
4697
1571
137
28
1505
3506
2835
3033
255
2084
1609
923
4948
3928
4565
249
1349
3632
2001
1863
3142
3067
2748
2709
1778
458
2487
5886
2662
1989
2418
665
4510
4066
5284
169
4082
3562
1223
3589
5609
4159
5029
5266
5216
385
4863
2144
2925
845
3680
3902
559
1403
3637
5939
2202
5249
865
5493
1819
1449
3131
5108
4344
2782
3969
3830
5744
5637
924
5193
4727
2358
1930
4570
5369
1235
31
5801
2029
5965
5699
5183
2532
5753
1479
4485
2435
1319
1389
4684
3893
5099
3529
245
1331
1642
1526
4770
2557
5438
1759
5281
2333
3809
1857
4101
5231
859
111
3943
495
3659
189
168
1245
1943
5553
5357
298
1047
5728
1372
2611
5881
236
4883
5710
1657
5985
1874
415
3016
830
1443
5853
1893
2281
4783
1241
5119
3328
2940
5263
725
4892
1311
1409
21
5633
5977
4849
5397
737
1947
5431
2627
860
3651
4033
2745
3309
3259
286
1303
4532
4645
831
242
1195
3143
603
1324
4475
2253
4705
5213
1725
5355
4022
5343
2975
4908
5393
4617
1775
3248
3286
3614
410
1369
1837
4016
453
1289
2207
5573
3400
4845
3974
2738
2005
3472
283
4527
2735
1293
3829
2511
4191
1356
2440
2365
1357
4316
3693
2863
1310
5151
2292
1351
5715
5435
5963
913
2871
359
4216
5120
4713
5274
5923
5074
3734
4926
2736
5463
4147
2621
4675
5896
5377
791
1327
1981
1341
4773
2269
1334
1602
3542
2781
504
1030
5243
5587
5917
2780
5199
3386
1828
3920
4801
925
2373
1287
2508
1991
4123
5683
209
2450
620
817
5471
1277
5053
5554
3777
1259
3582
849
2325
1301
3082
1583
1158
1926
526
5521
1517
2403
5131
1887
2561
1723
2408
4767
4868
5626
25
4218
5240
4233
1859
206
5827
4115
1185
473
2761
5560
5299
2506
4543
1956
5250
4067
5018
4748
1377
4031
161
2866
907
5115
3673
5512
5993
2357
1489
528
5228
4797
909
5511
1359
4289
719
2037
712
12
5433
5557
3791
1453
4847
2143
1363
1387
1971
293
577
2816
1924
3337
669
1313
975
5236
56
1771
1233
1368
3396
732
5467
4597
1315
3492
2081
1249
5163
3424
360
4739
4279
3709
3460
5641
5621
2017
5491
3938
4820
4208
4625
5436
872
2149
3541
5257
3815
787
5430
4909
1295
1262
2411
1247
5740
51
2483
3596
429
4256
4891
2629
5019
5748
4238
5983
2191
2944
4607
5978
5159
2493
1997
1724
1729
117
1480
5608
2146
4360
4615
5116
519
4583
114
3490
5227
1929
814
3571
1179
5563
1678
5531
5083
5487
1955
4265
4023
2147
2886
3443
825
5694
5952
3382
27
3376
4723
5321
1395
1432
1883
1040
4347
3980
5661
2528
4729
2525
4505
769
2883
3699
3591
2587
1183
5379
5819
2396
4243
5455
3015
4629
1108
4103
2051
303
4738
4793
2539
4719
670
3881
4511
5129
3609
5615
5340
3929
1965
1843
4002
1586
3314
874
1265
2350
1329
2915
2079
440
5076
5981
5380
462
4455
1471
3565
895
3524
5399
5698
4985
4694
733
5717
4083
5389
2121
4539
2935
885
1495
1645
2353
1097
1193
1255
2597
3514
1993
3603
5541
4288
3776
3630
2803
187
4529
5525
4201
2195
2873
1209
4491
3698
1207
5585
4655
2257
1267
5409
745
5147
5505
3035
756
2075
1219
5154
3176
427
5332
1263
5359
1618
1269
119
4692
1550
5153
1339
3661
3336
4653
464
5203
3715
63
399
5627
5373
5319
4495
5246
3607
5442
5167
1664
4854
5583
2771
5988
1397
2554
2919
2473
5961
4245
5997
1995
2200
4465
3585
1290
5187
2073
1420
121
4664
5973
1199
781
1371
3362
875
4342
5665
3402
2077
4203
4581
3198
5353
4462
5987
743
4681
5034
1873
5475
4270
2019
2652
5967
3106
1999
1963
1367
2796
5469
5461
2009
5972
Query: 4
Nearest neighbor-1: 2
distanceHypercube: 1971.11
distanceTrue: 1092.53
tHypercube: 0.085275
tTrue: 0.846717
R-near neighbors:
2
9
8
6
4
3
5
7
0
1
Query: 4
Nearest neighbor-1: 45191
distanceLSH: 1919.13
distanceTrue: 1092.53
tLSH: 0.001425
tTrue: 0.833572
R-near neighbors:
11408
48413
25722
22200
30745
55286
19217
43481
52591
31796
57164
37804
12994
26614
20980
45396
34462
47694
35492
19358
57743
20399
49882
23342
17136
2668
16871
53137
1870
14012
26127
23204
41879
58547
3489
57610
34068
37452
9769
16054
5457
33521
28337
56097
17547
575
51584
8147
24517
15997
32465
28411
46938
52961
53430
36629
17845
35207
24443
328
3207
6559
28244
20715
3247
19025
52585
7701
45193
42389
12271
15133
4023
6204
43632
Query: 4
Nearest neighbor-1: 2
distanceHypercube: 1971.11
distanceTrue: 1092.53
tHypercube: 0.105825
tTrue: 0.838199
R-near neighbors:
2
9
8
6
4
3
5
7
0
1
Query: 4
Nearest neighbor-1: 24880
distanceLSH: 1661.44
distanceTrue: 1092.53
tLSH: 0.001726
tTrue: 0.860603
R-near neighbors:
58902
22574
21152
25239
2416
264
4158
882
28542
44547
20498
5720
43102
19539
36784
23471
50804
4331
46059
57857
12296
26699
9588
31859
39477
30494
38560
43288
21580
52825
45576
29172
23353
26267
25620
41815
56910
14208
37424
37556
54112
10892
32134
10085
4993
26734
26453
47244
50200
6760
4815
23410
45356
6483
34153
11101
58287
54878
27118
5934
4351
57602
31305
10711
32411
26187
23437
39776
44255
19896
5135
23024
35617
2472
59245
48597
31292
58762
2617
42257
23873
19019
29232
13899
28839
38267
59786
25145
12387
43856
17600
18147
9985
39213
6089
19689
